-2.000000000000000000e+00
2.000000000000000000e+00
-2.999915159307420254e-04
1.154711723327636719e+00
-1.317530155181884766e+00
1.678482532501220703e+00
-1.740034341812133789e+00
-6.113834381103515625e-01
6.432592272758483887e-01
1.885975122451782227e+00
-1.905372500419616699e+00
-9.589375257492065430e-01
1.425235986709594727e+00
3.117030262947082520e-01
-1.549819469451904297e+00
1.958925485610961914e+00
-3.225415945053100586e-01
-1.966644406318664551e+00
9.226623177528381348e-01
1.783748626708984375e+00
-1.143873095512390137e+00
-1.825143098831176758e+00
1.298452734947204590e+00
-1.598262786865234375e-01
4.844802021980285645e-01
-1.444633364677429199e+00
1.985321998596191406e+00
-7.816809415817260742e-01
1.564257621765136719e+00
-1.988081574440002441e+00
7.950791716575622559e-01
-1.652845859527587891e+00
1.840061187744140625e+00
-4.705220460891723633e-01
1.621864289045333862e-01
-1.869617223739624023e+00
1.928369522094726562e+00
1.048885703086853027e+00
-1.056524634361267090e+00
1.498826265335083008e+00
-1.941527724266052246e+00
-1.239860415458679199e+00
1.730555653572082520e+00
3.976116776466369629e-01
-6.975320577621459961e-01
1.994920730590820312e+00
-1.604852199554443359e+00
1.227502107620239258e+00
-1.995840549468994141e+00
-8.078199625015258789e-02
7.206090092658996582e-01
-1.781148910522460938e+00
1.624249696731567383e+00
-8.735088109970092773e-01
1.972443699836730957e+00
-1.386801004409790039e+00
8.882246166467666626e-02
1.363244175910949707e+00
-3.972517251968383789e-01
-1.924969911575317383e+00
1.906932353973388672e+00
9.828143715858459473e-01
-1.697319984436035156e+00
5.612700581550598145e-01
-1.495986580848693848e+00
1.812464833259582520e+00
-5.439523458480834961e-01
-1.978562831878662109e+00
2.393906116485595703e-01
1.945087313652038574e+00
-1.189867019653320312e+00
1.105118274688720703e+00
-2.414306998252868652e-01
-1.848100066184997559e+00
1.532661795616149902e+00
-1.006371259689331055e+00
1.998200297355651855e+00
8.553112149238586426e-01
-1.955525875091552734e+00
1.705278992652893066e+00
-8.264750242233276367e-01
-1.577895760536193848e+00
4.409659504890441895e-01
1.863258123397827148e+00
-1.998560190200805664e+00
1.264617204666137695e+00
-1.282494783401489258e+00
4.218088090419769287e-02
1.459631443023681641e+00
-1.801466226577758789e+00
-6.535378694534301758e-01
1.990201354026794434e+00
6.819741129875183105e-01
-1.888734698295593262e+00
-2.812670469284057617e-01
1.758791923522949219e+00
-1.415757179260253906e+00
1.015610098838806152e+00
-1.098919034004211426e+00
1.598413109779357910e+00
-1.718437194824218750e+00
2.023486047983169556e-01
1.978442907333374023e+00
-1.992081046104431152e+00
-4.348467588424682617e-01
1.334128022193908691e+00
-9.161431789398193359e-01
1.917650938034057617e+00
5.979052186012268066e-01
-1.631328701972961426e+00
-1.199041157960891724e-01
1.652805924415588379e+00
-1.972803592681884766e+00
8.879469037055969238e-01
-1.351765632629394531e+00
1.826862931251525879e+00
-7.390465736389160156e-01
-1.762111425399780273e+00
1.189027190208435059e+00
3.512178063392639160e-01
1.965404629707336426e+00
-1.915851116180419922e+00
-2.007884979248046875e-01
-1.520223379135131836e+00
1.397239685058593750e+00
1.999400138854980469e+00
-5.121965408325195312e-01
-1.983842134475708008e+00
7.608436942100524902e-01
-1.213783860206604004e+00
1.874856591224670410e+00
1.244243904948234558e-01
-1.858738660812377930e+00
1.079521656036376953e+00
-1.031008005142211914e+00
1.744953751564025879e+00
-1.675482869148254395e+00
5.211953520774841309e-01
1.480508685111999512e+00
-1.948566794395446777e+00
-4.038083925843238831e-02
1.937648296356201172e+00
-1.469590067863464355e+00
-5.805875062942504883e-01
1.581695318222045898e+00
-1.999520063400268555e+00
9.516184926033020020e-01
-8.502318859100341797e-01
1.992761015892028809e+00
2.773075699806213379e-01
-1.813544631004333496e+00
1.797506809234619141e+00
-3.590167760848999023e-01
-1.164910316467285156e+00
1.208864569664001465e+00
-1.933128833770751953e+00
8.234754204750061035e-01
1.896933674812316895e+00
-1.368803381919860840e+00
3.754546046257019043e-01
-1.591493964195251465e+00
1.691280841827392578e+00
-7.183293104171752930e-01
1.380121946334838867e+00
-1.880175828933715820e+00
1.952686309814453125e+00
-9.805346727371215820e-01
6.418112665414810181e-02
-1.994160771369934082e+00
1.130554914474487305e+00
6.207821965217590332e-01
-1.750752925872802734e+00
1.996840476989746094e+00
-3.015043735504150391e-01
-1.263297319412231445e+00
1.638407826423645020e+00
-1.534941434860229492e+00
1.851579666137695312e+00
-1.397451907396316528e-01
-1.961605072021484375e+00
1.315250515937805176e+00
-6.329805850982666016e-01
7.402864098548889160e-01
1.981962442398071289e+00
-1.836421608924865723e+00
-1.118276476860046387e+00
1.517303824424743652e+00
4.627230763435363770e-01
-1.686281442642211914e+00
1.771670222282409668e+00
-8.029581308364868164e-01
-1.997440338134765625e+00
1.825875341892242432e-01
9.994521737098693848e-01
1.923090219497680664e+00
-1.430315256118774414e+00
-4.900394678115844727e-01
1.442033767700195312e+00
-1.897933483123779297e+00
-2.094045095145702362e-02
1.969084143638610840e+00
-9.359005689620971680e-01
9.044247269630432129e-01
-1.619890213012695312e+00
1.717997312545776367e+00
-1.981282472610473633e+00
5.414326786994934082e-01
-1.301612257957458496e+00
1.247739434242248535e+00
-2.214296162128448486e-01
1.999800086021423340e+00
-1.790667653083801270e+00
1.549699544906616211e+00
-1.077001929283142090e+00
2.592299580574035645e-01
-1.937368273735046387e+00
1.819903850555419922e+00
-4.154093265533447266e-01
6.995717883110046387e-01
-1.483108282089233398e+00
1.891494393348693848e+00
-1.728355884552001953e+00
1.170469641685485840e+00
-6.759349107742309570e-01
1.665044307708740234e+00
-1.990081310272216797e+00
3.310604691505432129e-01
1.987881660461425781e+00
-8.944660425186157227e-01
-1.335207819938659668e+00
1.063843727111816406e+00
-6.270101666450500488e-02
-1.910811781883239746e+00
1.948846817016601562e+00
8.390733599662780762e-01
-1.663084506988525391e+00
1.411317825317382812e+00
-5.617100000381469727e-01
-1.969843983650207520e+00
1.610971450805664062e+00
1.076234802603721619e-01
-1.226262211799621582e+00
1.857578873634338379e+00
-1.563417673110961914e+00
4.205686450004577637e-01
1.282214879989624023e+00
-1.999840021133422852e+00
-3.422989845275878906e-01
1.975723266601562500e+00
-1.772110104560852051e+00
-7.615236043930053711e-01
1.790627717971801758e+00
6.613368391990661621e-01
-1.864177942276000977e+00
9.660165905952453613e-01
-1.043486356735229492e+00
1.998840212821960449e+00
-1.804673969745635986e-01
-1.401279091835021973e+00
1.470669984817504883e+00
-1.952246308326721191e+00
1.912051677703857422e+00
2.178050577640533447e-02
5.794276595115661621e-01
-1.707878589630126953e+00
1.348366141319274902e+00
-1.131714701652526855e+00
1.737914681434631348e+00
-4.530843496322631836e-01
-1.986081838607788086e+00
1.117756605148315430e+00
-1.508304953575134277e+00
1.933568835258483887e+00
2.208296060562133789e-01
-1.830902338027954102e+00
7.794012427330017090e-01
-8.385534286499023438e-01
1.573216438293457031e+00
1.993880867958068848e+00
-1.920810461044311523e+00
-2.616696357727050781e-01
-1.178188562393188477e+00
1.834061980247497559e+00
5.019978880882263184e-01
-1.641647338867187500e+00
1.032487869262695312e+00
-5.965853929519653320e-01
-1.996720433235168457e+00
1.698079943656921387e+00
-9.928530454635620117e-01
1.962045073509216309e+00
-1.001430451869964600e-01
-1.456791758537292480e+00
1.508185029029846191e+00
-1.875536441802978516e+00
8.718690276145935059e-01
1.439454406499862671e-01
1.879895925521850586e+00
-1.975683212280273438e+00
1.237500786781311035e+00
-1.272976040840148926e+00
-3.786941766738891602e-01
1.983722209930419922e+00
-1.807385444641113281e+00
2.958651185035705566e-01
1.645446896553039551e+00
-7.502450942993164062e-01
-1.570776700973510742e+00
1.324609279632568359e+00
-1.958805441856384277e+00
1.765351057052612305e+00
-9.469391107559204102e-01
8.086773753166198730e-01
-5.273945331573486328e-01
1.996040582656860352e+00
-1.756352186203002930e+00
4.090501666069030762e-01
-1.360324501991271973e+00
1.143433213233947754e+00
-1.999120116233825684e+00
1.902132987976074219e+00
1.082022394984960556e-02
1.541220664978027344e+00
-1.893454074859619141e+00
6.316607594490051270e-01
-1.087960481643676758e+00
1.805265784263610840e+00
-1.612371206283569336e+00
9.369804263114929199e-01
-6.649763584136962891e-01
1.955725908279418945e+00
-1.842900753021240234e+00
-2.111090570688247681e-01
1.433634877204895020e+00
-1.250898957252502441e+00
3.630562424659729004e-01
-1.944967269897460938e+00
1.868857383728027344e+00
-8.839874267578125000e-01
1.198865890502929688e+00
-1.527742385864257812e+00
1.991401195526123047e+00
7.642178982496261597e-02
-1.993120908737182617e+00
1.617530584335327148e+00
-3.121429681777954102e-01
7.103703618049621582e-01
-1.691880702972412109e+00
1.388200879096984863e+00
-1.326249003410339355e+00
1.941327810287475586e+00
-7.926394939422607422e-01
5.312740206718444824e-01
-1.929049372673034668e+00
1.723836541175842285e+00
-5.005180835723876953e-01
1.091120123863220215e+00
-1.795547008514404297e+00
1.999640107154846191e+00
-1.201305508613586426e+00
-5.190092697739601135e-02
-1.982562303543090820e+00
1.671923398971557617e+00
-1.423116207122802734e+00
1.273736000061035156e+00
1.925080716609954834e-01
1.845740437507629395e+00
-1.734035134315490723e+00
-1.018449664115905762e+00
7.509250044822692871e-01
1.980042695999145508e+00
-1.998080253601074219e+00
-6.225019693374633789e-01
1.489547491073608398e+00
4.730417132377624512e-01
-1.853619337081909180e+00
-1.497457325458526611e-01
9.912132620811462402e-01
-1.476469159126281738e+00
1.777829408645629883e+00
-9.064644575119018555e-01
1.925729870796203613e+00
-1.964324712753295898e+00
-3.880529403686523438e-01
1.590334177017211914e+00
-1.668843746185302734e+00
9.130635857582092285e-01
2.496311664581298828e-01
-1.154111742973327637e+00
1.997560381889343262e+00
-1.901852965354919434e+00
1.355965137481689453e+00
-7.079306840896606445e-01
6.080638766288757324e-01
-1.597573161125183105e+00
1.967324376106262207e+00
-2.519109249114990234e-01
-1.378882050514221191e+00
1.751752853393554688e+00
-1.991041183471679688e+00
1.178948521614074707e+00
1.341849118471145630e-01
-1.819303870201110840e+00
1.451312541961669922e+00
-1.066603302955627441e+00
1.914771318435668945e+00
-4.439655542373657227e-01
8.472322821617126465e-01
-1.884495258331298828e+00
3.217816948890686035e-01
1.816304326057434082e+00
-1.543180346488952637e+00
1.040806770324707031e+00
-8.152765035629272461e-01
-1.999920010566711426e+00
1.986761808395385742e+00
-1.095835566520690918e-01
1.556978583335876465e+00
-1.292973399162292480e+00
-1.767550706863403320e+00
6.715754866600036621e-01
1.685041666030883789e+00
-5.708287954330444336e-01
-1.974243402481079102e+00
1.883015513420104980e+00
4.506446719169616699e-01
-9.698960781097412109e-01
1.305971741676330566e+00
-1.647086620330810547e+00
1.974043488502502441e+00
5.210095643997192383e-02
-1.935288548469543457e+00
1.218463301658630371e+00
-1.438234210014343262e+00
1.631528735160827637e+00
-3.334201574325561523e-01
-1.713317871093750000e+00
1.999960064888000488e+00
5.700688958168029785e-01
-1.109397649765014648e+00
1.071682691574096680e+00
-1.995040655136108398e+00
-6.866534948348999023e-01
1.854619264602661133e+00
-1.174021232873201370e-02
-1.913371443748474121e+00
1.524662852287292480e+00
7.711623311042785645e-01
-1.343286752700805664e+00
1.947007060050964355e+00
-8.616703748703002930e-01
-1.785628318786621094e+00
3.861731886863708496e-01
1.711758136749267578e+00
-1.502145767211914062e+00
1.404678702354431152e+00
-1.895878911018371582e-01
-1.950486540794372559e+00
1.989161491394042969e+00
-4.798008203506469727e-01
9.587375521659851074e-01
-1.232741355895996094e+00
1.801346302032470703e+00
-1.987041711807250977e+00
1.716269403696060181e-01
-1.625889420509338379e+00
1.899573326110839844e+00
8.798679709434509277e-01
-7.711223363876342773e-01
-1.839701175689697266e+00
1.256298303604125977e+00
2.863463759422302246e-01
1.931329131126403809e+00
-1.171709418296813965e+00
-1.968324184417724609e+00
1.604332327842712402e+00
-2.901458740234375000e-01
5.109567046165466309e-01
-1.745153665542602539e+00
1.998520255088806152e+00
-9.267017841339111328e-01
1.124235749244689941e+00
-1.556938529014587402e+00
1.371803045272827148e+00
-5.360333919525146484e-01
-1.872496843338012695e+00
1.830622434616088867e+00
-8.926245570182800293e-02
-1.394799947738647461e+00
7.301277518272399902e-01
1.960525274276733398e+00
-1.998880147933959961e+00
1.658965110778808594e+00
-6.431392431259155273e-01
9.858299046754837036e-02
-1.680842161178588867e+00
1.023049116134643555e+00
-1.024768829345703125e+00
1.465470671653747559e+00
-1.922890186309814453e+00
