-2.000000000000000
2.000000000000000
0.000000000000000
-1.154700538379251
1.317413188831127
-1.678508347123512
1.740014299416331
0.611226658234444
-0.643415224229918
-1.885958364339812
1.905346542462330
0.958824657845294
-1.425277280715169
-0.311918728959202
1.549744683020864
-1.958955237371827
0.322330537066593
1.966652619075714
-0.922741204842260
-1.783785641838403
1.143794168238113
1.825119486309943
-1.298507048899236
0.159635946635172
-0.484613079077382
1.444588775726899
-1.985337247567537
0.781579030487381
-1.564261376532925
1.988113494954706
-0.795153788002529
1.652769355282365
-1.840096761601856
0.470315023980967
-0.162377423824989
1.936297305478296
-1.928392303272972
-1.048860686314782
1.056716926241276
-1.498842939853535
1.784658450956479
1.239138971101509
-1.730585352397335
-0.397810328849074
0.697226814260911
-1.994915800731159
1.870756472030410
-1.227462239381379
0.238620752326073
1.600220417799978
-0.720369696333810
1.995868591428658
-1.624214020419202
0.874127018149465
-1.972426174333578
-0.080404158875447
1.387662376744759
-1.363139201189782
1.952949874680437
-0.983183280037743
0.403400850913999
-1.907155662837976
1.697557383199843
-0.560643174253496
1.495857102646639
-1.812499279423643
0.078233177804064
1.979219620037958
-1.104853073800271
1.009146975261227
-1.998161176359998
0.546611556774175
1.849078525433757
-1.532494226209431
-0.240472936544271
1.194533044915652
-1.863878991040689
-0.855231208071831
1.920541784621866
-1.704721571195808
0.826810929068085
1.626939694964769
-1.945435849967147
-0.440498181785391
1.998552966728895
-1.264622692333277
1.351668936003400
0.279595679285062
-1.459551862650173
1.763264786368189
-0.121009911240401
-1.979670039993701
0.655786796354277
-0.682596290192276
1.888296569765842
-1.758718475660984
1.102173638295239
-1.597751094188382
1.522424355604811
0.117139174239380
-1.015625119688206
1.992060918304047
-1.990975438950955
0.916567295181072
-0.351256663322090
-1.334249373192975
1.805757301497574
-1.917828222215100
1.278335293154873
0.506368880320857
-0.887119075755040
1.972869085769594
-1.652916369137881
-0.036324223704405
1.677253595715488
-1.826929586962973
-0.598280718370591
1.418531450801991
-1.189274502417471
0.740044805750514
-1.965536663360466
1.944821411719841
0.364732308116638
-1.397106384999651
1.720159647784473
-0.206386608102280
-1.999361558111279
1.169411196601749
-0.761183571819305
1.984084336617133
-1.875118866995040
1.574384928109574
0.198371466768084
-1.079468554358223
1.860075691829488
-1.744884915752089
0.984352772426801
-0.521151643441512
-1.480472346275415
0.580005731243628
1.999490765379944
-1.937850251744318
1.469814731829170
0.038665298496434
-1.581396234112609
1.913014991171051
-0.951742414561460
0.850126796962107
-1.797867315040449
-0.277901149042500
1.297634754384718
-1.988403683313269
1.835676059583541
0.435915469736582
-1.245876030216721
1.960003075714533
-0.823520857753164
-1.897054632745108
1.079689545166048
1.639869476130333
-1.665785757672374
-0.375565694566355
0.718511591137706
1.752262387010313
-1.952801957476341
-1.131820037876314
1.370124494200806
0.138439929784604
1.994180037667508
-1.380629072935087
-1.996708711844620
-0.620766502381354
1.217946168990272
1.896126099349723
-0.059321622119276
-1.851597914053134
0.343332141224433
-1.517410450336647
1.536330913165534
0.936087542206399
-1.716904927334867
1.929503635420066
-0.740401695307489
0.633512536737645
-1.976183051829806
1.795187748208764
-0.462863289400115
-1.315682033687529
1.997432357333993
-0.183740746258866
-1.772072658951854
1.123411297487941
1.587922256268879
-1.031852108279094
0.258866948241422
-1.923214471502789
1.708733181639131
-1.442189504767684
0.802405125632947
1.976062627754864
-1.636814063496811
-0.541348296481845
1.404651193380591
-1.993173485018647
0.525403208904894
-0.904710213848306
1.879107789154215
0.057496557644151
-1.206236324232849
1.032845077461092
-1.891474113611983
1.815642161464599
-0.259941094046952
1.259240821482658
-1.549537441619822
-1.999777126933863
1.956543751240737
-0.665103604784336
1.482885947707181
0.452550269911747
-1.819731851790413
1.666108517034740
-1.170519417640412
-0.102488964495149
1.990048963159487
-1.968731019243572
0.894399955001905
-1.691806356730284
0.216606874750809
-0.839311530618081
1.773786342155388
1.334297410081696
-1.348798206747991
0.676631506928719
-1.941732461829525
1.940661208423122
-0.418714455524870
-1.610404204457231
1.613366050234545
-0.968218578776895
1.999821628769707
-1.857797819660606
0.384815926979867
1.181655892348757
-0.330203768396466
-1.982767263799919
0.761599206799342
1.842930814086727
-1.281294327342320
0.017421475569386
1.456158742939800
-1.790766967554827
-0.778328487493787
1.969667326465467
-1.412537298916891
0.996969930470138
-1.998775370161375
1.730116444828730
-0.579683325979346
0.300852876837386
-1.066051366389940
1.924778839536828
-1.912149271334274
0.564712014800603
1.510101890828594
-1.737754800396531
-0.142687360912453
1.985980801208705
-1.507924253419974
1.090920245800738
-1.961925558532045
0.098568340186799
1.687377916795157
-1.118411087277548
-0.701598253040365
1.865632692739420
1.249246429311692
-1.644973146867138
0.838465330361763
-1.834241486732059
-0.501768862418778
1.562375354752872
1.996715250931351
-1.989736363859163
0.488505573837668
-0.999035386203148
-0.223260434771621
1.900772706786946
-1.469803399466148
1.430191779009127
-1.933105676821624
0.178756492284038
0.947627003041327
-1.573036093742894
1.949062803809926
-0.871692722465472
0.597570739582069
-1.880017514643031
1.789939276774206
-1.217333451761018
1.307612316138447
-0.019559169530942
-1.995895217852182
1.981600918280166
-0.296132901816497
-1.765183727073755
1.155345799958863
-1.324719426399310
1.646322856558911
0.418689998293687
-0.632053799421564
-1.949705495528177
1.883709796634426
0.750723716777637
-1.698160775040602
1.999068042268574
-0.936911668635086
1.361248592436360
-0.386744774962259
-1.541067241757497
1.746343776213611
-1.977968340156518
1.044575470127493
-1.143746975712627
0.290158322607336
1.963430547203847
-1.805426162414124
-0.091207474960784
1.581201332294881
-0.808576046057044
0.884279324444083
-1.902162196168681
1.830118381029354
-1.388948291170493
0.645067179542292
-0.452025204509182
-1.999919336747404
1.207576957087616
1.916617259507239
-1.617166738918126
0.127943214382992
1.503015285867134
-1.255548842386180
1.993153729568424
-1.869154172306015
-0.730298477067473
1.714241766758920
-0.194399212168777
-1.723344502647024
0.813063782141856
1.396049347650379
-1.091489035046846
-1.986760574473919
1.854546467355950
0.354044263588348
-1.450193406581100
1.113660308270889
-0.531491218224822
1.977616205120998
-1.956002205470898
0.028266726806989
1.620058220918126
-1.672152108893102
0.535807282791484
1.933053153322299
-1.845833811661029
-0.913462490211375
0.972109552770733
-0.340872119739746
1.768688277079240
-1.290120685061901
-1.997492223304943
1.287127190944875
0.227502786967720
1.998055826502649
-1.489745609020045
0.707487068424873
-0.655320254468396
-1.777982053909903
1.542925032589789
1.810715752438199
-1.040209885553744
-1.970635216841494
-0.047894563663618
1.021553706906889
-1.589967095334813
1.908981022903317
0.479223252836795
-1.920546339168384
1.437564726463941
-1.180134112556811
1.989100118304596
-0.570500394119604
-0.152366900874200
1.671737107009222
-1.751716419421997
1.228437492402769
-1.371077340151786
0.169367219795370
-1.992240295986182
1.961721976216908
0.667231759097411
-0.769864759966344
1.342361533219519
-1.894255593207721
1.874939016030272
-0.428568856908646
-1.432894069292254
0.906385905433846
-0.991085253501279
1.999937746603127
-1.935509393369898
0.393901550432716
1.702564357688885
-1.659121453357262
-0.250593561656791
1.068467192939838
-1.981367958287351
1.476335236980644
-0.863313184685937
1.800504466364942
0.068397673098483
-1.823333118185428
0.790831791256618
-1.236509136279934
1.946962687493435
-1.556793387412967
1.606186092823749
0.312506580043114
-1.999100201078058
-0.608633756492519
1.971346380341626
1.134585249191846
-1.710821352302867
0.621059308163061
-1.058478709901937
1.892289548342986
-0.363307639520164
-1.860841305717793
1.379018201626528
-1.341869611122471
1.757608740360983
-0.009920971455911
-1.963732796664046
1.995047145041567
-0.692674617718547
0.861808346582886
-1.524714511104138
1.528916809463146
0.249480999882283
-1.914677705386469
1.268602902391499
-0.959633304851729
1.839416558921960
-1.801621156450424
-0.130832864549536
0.515342394724852
-1.994126197470942
1.982889374789262
-1.162362783479465
1.659258506910601
-0.475268082657697
-1.630546708637837
0.729398318672052
1.927154466311395
-1.405559793854085
1.162804004889620
-1.947584816146289
-0.287010749573132
1.567905239428667
-0.831096054936192
0.427744281008643
-1.685411951638426
1.734725028309340
0.927024242946050
-1.974390799262911
0.089629403450125
1.991146356915513
-1.273148997545763
1.325592345512943
-1.882880845108259
-0.750444550832709
1.820542363818635
0.588200997927460
-1.111613245012069
1.954718412756209
-1.603640726277555
-0.069890967490972
1.462288383592845
-1.999604302272355
-0.510847384491489
1.015300643712958
-1.831028673733005
1.999659054586404
0.189573634509232
-1.475092830239541
1.633375991128543
-0.895376112882505
0.771566629793394
-1.755233291762937
1.862852870238299
-0.215263612337591
-1.984157473293237
1.200956836599711
-1.307384137428740
1.779312604362946
0.333261226323695
-1.926158683382177
1.938579790677318
-0.408070490513951
1.411962438952519
-1.198108408056042
0.686935168652829
-1.787306339303717
1.974526136491866
-0.673877194588457
1.062650004419938
-1.008381325230845
1.691923750400554
-1.954475057653582
0.148354327358283
-1.512561726672354
1.902996861747060
-0.173161268656444
-1.997112710610810
1.516080947110405
0.460736108521557
-1.727058952998655
0.965589467504552
-0.589023456529134
1.986971115121799
-1.419087010096469
1.292452937410324
-1.872108474961917
-0.320400065658219
1.594061136855178
-1.085502415792959
0.556250982407649
1.998819315937268
-1.904678356287124
-0.787970171707016
1.846318759094010
-1.577230298798823
0.047796807318315
0.820380894690630
-1.987641302656376
1.725077870415695
-1.356202886198391
1.233779092783398
0.269368309584518
1.965190144386082
-1.848620182550598
-0.943585729677215
1.424546916752755
-0.550601677821801
-1.648857681227556
1.885980864252351
0.374730382964098
-1.967186993969877
1.107841950503242
-0.111376230378487
-1.137762004263345
1.918635059676846
-1.809308069070579
1.555880645601760
0.867913193843264
-0.711353410087932
-1.998468553339318
1.996304620628498
-1.454992494750004
0.008493625284159
1.682099827258948
-0.268935628312773
-1.939934562922510
1.356451191782258
-1.222392819869867
0.627418939413532
1.797863598161268
-1.701379459723886
0.990655993397617
-0.847362461058329
1.950953124299636
-1.545268952217178
0.207920458035695
1.489401913837138
-1.991619656151056
-0.492675404817686
1.176084226114491
-1.768666863296276
1.980429505442674
-1.023952342549791
0.497558682879027
1.760456963335812
-1.888768382692518
0.108035626333114
-1.320206440797542
1.868450480106100
0.724019832218862
-1.960348534701307
-0.369442873913670
1.623523590998057
-1.620637207119623
0.900665792163868
-0.815203856329123
1.993674831060873
-1.741289760974048
1.263903606169538
-0.028724596580698
-1.999972059952373
1.942656506298501
-1.250820040345009
0.411081938736376
1.450316330642688
-0.626427056145239
-1.930727421961109
1.827619014662271
-1.494222454274856
1.085271819944541
-0.232046965056448
-0.975560544304852
1.999303691534486
-1.837496149216316
0.572467174038020
1.662531365980940
-1.376091213978776
-0.446189781736220
1.910987603781424
-1.978822050190014
0.796562134593844
1.312725165971882
-1.681834353769224
-0.879847625284469
0.306556530930115
1.743231329137008
-1.909667688702285
1.968241373317613
-1.124945245817226
1.038733370283911
-0.304128125731809
-1.586185547339038
1.383409223195209
-1.995412572824253
-0.053773264529261
1.852136768505680
0.661514253121813
-1.816141373595595
1.577842192661456
-1.072368597828547
1.985054869612649
-0.649493583559330
-1.437460805498823
1.149065900177539
0.233082542381545
-1.943761082141221
1.781986228052804
0.444450316295376
-1.854875840571293
0.941850766349123
-1.285733822384518
1.931359445466364
-0.136889681140044
-0.745417397103677
1.532623188359028
-1.973436045675903
1.997744414315807
-1.640629808355755
0.083827188859872
1.213105336743676
-1.184689055577496
1.705759125875547
-1.794162320387188
-0.469150912714388
0.844230946192346
1.898130765948249
-1.989138532609867
-0.929303509508953
0.604301419846978
-1.528749195572970
1.958314236868375
1.400414237345052
-1.899559618842194
-0.199969868065307
0.348754358451316
1.813171896385260
-1.401155798131791
-0.555659207751619
1.609720530134110
-1.719840078583656
0.756092867364944
-1.997843992558913
1.999978172229967
0.153906523862577
-0.801611232420929
1.128845598017204
-1.568028686421771
1.499411084223604
-1.211263914603280
1.881150613754373
-1.951255015826489
-0.392395574940610
1.330130504402603
-1.866658007857920
0.530602108019892
1.990613682315434
-1.098246515505329
-0.085896858909530
0.978259325459748
-1.668906636390037
1.649442549657719
-1.983454780890679
-0.687789906818001
1.922781135475001
0.274424318948091
-1.464985450117067
1.771251653764360
-1.775214480582858
1.244727684961233
-0.335662701422786
0.692207548008082
-1.330042935302808
1.976842766757956
-1.924630052583789
0.023080680515637
1.466122389437890
-1.003674270962962
0.921590249686866
-1.999493839620552
1.833143458333893
-0.603416765835101
-1.748273736515326
1.717311317754996
0.379774416211498
-0.900149661125729
1.995430919934923
-1.877641677565999
1.050712431593735
-1.268785925048157
-0.167893301708133
1.559012029320370
-1.606951824440079
1.188210117380480
-1.969684406727415
1.934856193169075
0.122688174120031
-0.516125343384571
0.776522900045135
-1.503345555867585
1.857450074609931
-1.993659852512617
1.366058637002488
-1.149749950494136
0.483886750678923
1.970531583448598
-1.842926401656864
-0.725297118331638
1.636660540259095
-0.255269620333588
-1.694678158113582
0.856083108826662
-1.044560001329776
1.890528267105567
-1.957513692947685
0.184324905422499
1.749483683614947
-1.385070960815332
1.274139836714951
-0.413688993103359
1.992580548911055
-1.916258181751139
0.639766858328405
-0.859277531913669
1.434031094878449
-1.762005898969797
-0.014688272963097
1.803379346539511
-1.553438724810069
1.003347679945330
-1.996304422333754
1.951950690817037
-1.302941877587708
0.327760913383884
1.591057124803154
-0.782805971909095
1.096611992341031
-1.980580917004837
1.998319699385730
-0.356767063851838
-1.662027958791532
0.551365780721021
1.684727778528014
-1.174833048119220
-1.828864753918565
0.062667980464742
1.914773188193232
-0.963844873047224
1.346499315239146
-1.934333258158922
0.712593976570894
-0.575205212784144
1.982256730087053
-1.484808494491237
1.519172176674479
-0.116079358294304
-1.999855407556918
0.889018462952596
-1.352598453317144
1.873042888533691
-1.734110990212893
0.244632951702738
1.223173115473441
-0.660575750720529
1.787575322737886
-1.884478299260635
0.440172312120220
-1.240661520279604
1.962584354415896
-1.594193275579641
1.479725697908211
-0.282529116036304
-1.986050479072706
1.027201802113418
-0.918123562201805
1.727660427716746
-1.803535443553742
1.999749916010095
-0.434299515533240
0.808072199886316
-1.428830385759597
1.302571021063311
-1.964621901005763
-0.041878039254858
1.943755020896469
-1.054216370691498
0.510850635447640
1.669141486128947
-1.900871052314768
-0.536177380742091
1.139160930865708
-1.633445091447639
1.818420832779895
0.203301758395710
-1.781124256781749
1.987553276015529
-0.756424812556415
1.546289796393189
-1.990413170163175
0.592800861640345
-0.188604412597150
-1.536693878460898
1.907044118308487
0.953276885263724
-1.194242551029180
-1.946539224067647
1.408637350481215
0.103340353924592
-1.019912860821868
1.973734626245792
-1.708135954114388
0.744767237731824
1.616687390334214
-0.835144859862322
-1.859328760385787
0.398625949553881
1.841194995235296
-1.366918712526454
1.074144276817450
-1.975385519248563
-0.497014825646155
1.997071016423991
-0.097114288109075
1.694920554965019
-1.998942102677267
0.294986720226336
-1.446306549507554
1.254296030980015
-0.706417338683888
1.894287309710694
-1.817942395381509
0.681149869262590
-1.114996755575457
1.441520719960401
-0.316187479296566
-1.919305270690150
1.765932904722886
-1.675461885887079
0.832593231371583
1.957429584343747
0.034061608778992
-1.260117434022305
1.374712130764333
-0.614879402400139
-1.994536354508031
1.994603213820683
-1.560759615786350
1.118527617124190
-0.947642329189239
0.465469660716881
1.570998453462822
-1.892864062004221
-0.227732187539776
1.877034239386108
-1.409307294143139
0.911480940979767
-1.938901563563946
1.737239458721648
0.143046336514379
-1.613875105407077
1.978528602852238
-0.875869981507748
0.359865189794241
1.506752970137306
-1.714065528664934
-0.457644164350326
1.928282554185375
-1.977092042918252
1.172721172865606
-1.158693016854916
0.616136686922934
-1.853124691826664
1.643143951921286
-0.156842516247969
-1.311487484020740
1.999889597550486
1.321467278588522
-0.637870585251631
-1.961149863148476
1.808252369277800
0.263590723796188
-1.520756065127647
0.878903707720107
-0.987113552408587
1.947973616901432
-1.795943791367432
-0.381104157217446
1.282905872136262
-1.999699323679378
0.541185210512992
1.850606476523170
-1.075968942294860
-0.004345880089836
1.597493153739036
-1.873579074101275
1.989538646831289
-1.655739720751722
0.734672045596217
-0.819146538360172
1.000118419634447
-1.992687024801346
1.711487402965932
-1.338392067991811
-0.065259550513894
1.459007373004500
-1.753480188765154
1.967416899526869
-0.526311124921724
0.221515498499850
-1.929564430910716
1.197729095527263
-1.231692747861269
1.792554216060183
-1.472504794122532
0.650627420810395
-0.245246944376554
1.937502755645439
-1.971514579378976
-0.735286955969252
1.391930028743318
0.423091531358196
-1.688576408956115
1.999186951484500
-1.908428930220542
0.931890761765998
-1.035563041658025
1.656133248973894
-0.346055328490968
1.864243117733268
-1.835845653128006
0.052455899305915
-1.393084439383182
1.158921574214269
1.539537048233823
-1.997670455494808
-0.584911025868653
1.983564999678883
-1.600517820067318
0.786253696140311
-0.909069150214202
1.754934640392669
0.165007255920327
-1.953631847964460
1.899546096777289
-1.128520301579339
1.047697207253440
-1.770353395425422
0.493533665049683
1.486539486070584
-1.294093546819116
-0.423628691545302
1.921673985594773
-1.984767969597885
