-2.000000000000000
2.000000000000000
0.000000000000000
-1.154700538379251
1.317413188831127
-1.678508347123512
1.740014299416331
0.611226658234444
-0.643415224229918
-1.885958364339812
1.905346542462330
0.958824657845294
-1.425277280715169
-0.311918728959202
1.549744683020864
-1.958955237371827
0.322330537066593
1.966652619075714
-0.922741204842260
-1.783785641838403
1.143794168238113
1.825119486309943
-1.298507048899236
0.159635946635172
-0.484613079077382
1.444588775726899
-1.985337247567537
0.781579030487381
-1.564261376532925
1.988113494954706
-0.795153788002529
1.652769355282365
-1.840096761601856
0.470315023980967
-0.162377423824989
1.936297305478296
-1.928392303272972
-1.048860686314782
1.056716926241276
-1.498842939853535
1.784658450956479
1.239138971101509
-1.730585352397335
-0.397810328849074
0.697226814260911
-1.994915800731159
1.870756472030410
-1.227462239381379
0.238620752326073
1.600220417799978
-0.720369696333810
1.995868591428658
-1.624214020419202
0.874127018149465
-1.972426174333578
-0.080404158875447
1.387662376744759
-1.363139201189782
1.952949874680437
-0.983183280037743
0.403400850913999
-1.907155662837976
1.697557383199843
-0.560643174253496
1.495857102646639
-1.812499279423643
0.078233177804064
1.979219620037958
-1.104853073800271
1.009146975261227
-1.998161176359998
0.546611556774175
1.849078525433757
-1.532494226209431
-0.240472936544271
1.194533044915652
-1.863878991040689
-0.855231208071831
1.920541784621866
-1.704721571195808
0.826810929068085
1.626939694964769
-1.945435849967147
-0.440498181785391
1.998552966728895
-1.264622692333277
1.351668936003400
0.279595679285062
-1.459551862650173
1.763264786368189
-0.121009911240401
-1.979670039993701
0.655786796354277
-0.682596290192276
1.888296569765842
-1.758718475660984
1.102173638295239
-1.597751094188382
1.522424355604811
0.117139174239380
-1.015625119688206
1.992060918304047
-1.990975438950955
0.916567295181072
-0.351256663322090
-1.334249373192975
1.805757301497574
-1.917828222215100
1.278335293154873
0.506368880320857
-0.887119075755040
1.972869085769594
-1.652916369137881
-0.036324223704405
1.677253595715488
-1.826929586962973
-0.598280718370591
1.418531450801991
-1.189274502417471
0.740044805750514
-1.965536663360466
1.944821411719841
0.364732308116638
-1.397106384999651
1.720159647784473
-0.206386608102280
-1.999361558111279
1.169411196601749
-0.761183571819305
1.984084336617133
-1.875118866995040
1.574384928109574
0.198371466768084
-1.079468554358223
1.860075691829488
-1.744884915752089
0.984352772426801
-0.521151643441512
-1.480472346275415
0.580005731243628
1.999490765379944
-1.937850251744318
1.469814731829170
0.038665298496434
-1.581396234112609
1.913014991171051
-0.951742414561460
0.850126796962107
-1.797867315040449
-0.277901149042500
1.297634754384718
-1.988403683313269
1.835676059583541
0.435915469736582
-1.245876030216721
1.960003075714533
-0.823520857753164
-1.897054632745108
1.079689545166048
1.639869476130333
-1.665785757672374
-0.375565694566355
0.718511591137706
1.752262387010313
-1.952801957476341
-1.131820037876314
1.370124494200806
0.138439929784604
1.994180037667508
-1.380629072935087
-1.996708711844620
-0.620766502381354
1.217946168990272
1.896126099349723
-0.059321622119276
-1.851597914053134
0.343332141224433
-1.517410450336647
1.536330913165534
0.936087542206399
-1.716904927334867
1.929503635420066
-0.740401695307489
0.633512536737645
-1.976183051829806
1.795187748208764
-0.462863289400115
-1.315682033687529
1.997432357333993
-0.183740746258866
-1.772072658951854
1.123411297487941
1.587922256268879
-1.031852108279094
0.258866948241422
-1.923214471502789
1.708733181639131
-1.442189504767684
0.802405125632947
1.976062627754864
-1.636814063496811
-0.541348296481845
1.404651193380591
-1.993173485018647
0.525403208904894
-0.904710213848306
1.879107789154215
0.057496557644151
-1.206236324232849
1.032845077461092
-1.891474113611983
1.815642161464599
-0.259941094046952
1.259240821482658
-1.549537441619822
-1.999777126933863
1.956543751240737
-0.665103604784336
1.482885947707181
0.452550269911747
-1.819731851790413
1.666108517034740
-1.170519417640412
-0.102488964495149
1.990048963159487
-1.968731019243572
0.894399955001905
-1.691806356730284
0.216606874750809
-0.839311530618081
1.773786342155388
1.334297410081696
-1.348798206747991
0.676631506928719
-1.941732461829525
1.940661208423122
-0.418714455524870
-1.610404204457231
1.613366050234545
-0.968218578776895
1.999821628769707
-1.857797819660606
0.384815926979867
1.181655892348757
-0.330203768396466
-1.982767263799919
0.761599206799342
1.842930814086727
-1.281294327342320
0.017421475569386
1.456158742939800
-1.790766967554827
-0.778328487493787
1.969667326465467
-1.412537298916891
0.996969930470138
-1.998775370161375
1.730116444828730
-0.579683325979346
0.300852876837386
-1.066051366389940
1.924778839536828
-1.912149271334274
0.564712014800603
1.510101890828594
-1.737754800396531
-0.142687360912453
1.985980801208705
-1.507924253419974
1.090920245800738
-1.961925558532045
0.098568340186799
1.687377916795157
-1.118411087277548
-0.701598253040365
1.865632692739420
1.249246429311692
-1.644973146867138
0.838465330361763
-1.834241486732059
-0.501768862418778
1.562375354752872
1.996715250931351
-1.989736363859163
0.488505573837668
-0.999035386203148
-0.223260434771621
1.900772706786946
-1.469803399466148
1.430191779009127
-1.933105676821624
0.178756492284038
0.947627003041327
-1.573036093742894
1.949062803809926
-0.871692722465472
0.597570739582069
-1.880017514643031
1.789939276774206
-1.217333451761018
1.307612316138447
-0.019559169530942
-1.995895217852182
1.981600918280166
-0.296132901816497
-1.765183727073755
1.155345799958863
-1.324719426399310
1.646322856558911
0.418689998293687
-0.632053799421564
-1.949705495528177
1.883709796634426
0.750723716777637
-1.698160775040602
1.999068042268574
-0.936911668635086
1.361248592436360
-0.386744774962259
-1.541067241757497
1.746343776213611
-1.977968340156518
1.044575470127493
-1.143746975712627
0.290158322607336
1.963430547203847
-1.805426162414124
-0.091207474960784
1.581201332294881
-0.808576046057044
0.884279324444083
-1.902162196168681
1.830118381029354
-1.388948291170493
0.645067179542292
-0.452025204509182
-1.999919336747404
1.207576957087616
1.916617259507239
-1.617166738918126
0.127943214382992
1.503015285867134
-1.255548842386180
1.993153729568424
-1.869154172306015
-0.730298477067473
1.714241766758920
-0.194399212168777
-1.723344502647024
0.813063782141856
1.396049347650379
-1.091489035046846
-1.986760574473919
1.854546467355950
0.354044263588348
-1.450193406581100
1.113660308270889
-0.531491218224822
1.977616205120998
-1.956002205470898
0.028266726806989
1.620058220918126
-1.672152108893102
0.535807282791484
1.933053153322299
-1.845833811661029
-0.913462490211375
0.972109552770733
-0.340872119739746
1.768688277079240
-1.290120685061901
-1.997492223304943
1.287127190944875
0.227502786967720
1.998055826502649
-1.489745609020045
0.707487068424873
-0.655320254468396
-1.777982053909903
1.542925032589789
1.810715752438199
-1.040209885553744
-1.970635216841494
-0.047894563663618
1.021553706906889
-1.589967095334813
1.908981022903317
0.479223252836795
-1.920546339168384
1.437564726463941
-1.180134112556811
1.989100118304596
-0.570500394119604
-0.152366900874200
1.671737107009222
-1.751716419421997
1.228437492402769
-1.371077340151786
0.169367219795370
-1.992240295986182
1.961721976216908
0.667231759097411
-0.769864759966344
1.342361533219519
-1.894255593207721
1.874939016030272
-0.428568856908646
-1.432894069292254
0.906385905433846
-0.991085253501279
1.999937746603127
-1.935509393369898
0.393901550432716
1.702564357688885
-1.659121453357262
-0.250593561656791
1.068467192939838
-1.981367958287351
1.476335236980644
-0.863313184685937
1.800504466364942
0.068397673098483
-1.823333118185428
0.790831791256618
-1.236509136279934
1.946962687493435
-1.556793387412967
1.606186092823749
0.312506580043114
-1.999100201078058
-0.608633756492519
1.971346380341626
1.134585249191846
-1.710821352302867
0.621059308163061
-1.058478709901937
1.892289548342986
-0.363307639520164
-1.860841305717793
1.379018201626528
-1.341869611122471
1.757608740360983
-0.009920971455911
-1.963732796664046
1.995047145041567
-0.692674617718547
0.861808346582886
-1.524714511104138
1.528916809463146
0.249480999882283
-1.914677705386469
1.268602902391499
-0.959633304851729
1.839416558921960
-1.801621156450424
-0.130832864549536
0.515342394724852
-1.994126197470942
1.982889374789262
-1.162362783479465
1.659258506910601
-0.475268082657697
-1.630546708637837
0.729398318672052
1.927154466311395
-1.405559793854085
1.162804004889620
-1.947584816146289
-0.287010749573132
1.567905239428667
-0.831096054936192
0.427744281008643
-1.685411951638426
1.734725028309340
0.927024242946050
-1.974390799262911
0.089629403450125
1.991146356915513
-1.273148997545763
1.325592345512943
-1.882880845108259
-0.750444550832709
1.820542363818635
0.588200997927460
-1.111613245012069
1.954718412756209
-1.603640726277555
-0.069890967490972
1.462288383592845
-1.999604302272355
-0.510847384491489
1.015300643712958
-1.831028673733005
1.999659054586404
0.189573634509232
-1.475092830239541
1.633375991128543
-0.895376112882505
0.771566629793394
-1.755233291762937
