-2.000000000000000
2.000000000000000
0.000000000000000
-1.154700538379251
1.317413188831127
-1.678508347123512
1.740014299416331
0.611226658234444
-0.643415224229918
-1.885958364339812
1.905346542462330
0.958824657845294
-1.425277280715169
-0.311918728959202
1.549744683020864
-1.958955237371827
0.322330537066593
1.966652619075714
-0.922741204842260
-1.783785641838403
1.143794168238113
1.825119486309943
-1.298507048899236
0.159635946635172
-0.484613079077382
1.444588775726899
-1.985337247567537
0.781579030487381
-1.564261376532925
1.988113494954706
-0.795153788002529
1.652769355282365
-1.840096761601856
0.470315023980967
-0.162377423824989
1.936297305478296
-1.928392303272972
-1.048860686314782
1.056716926241276
-1.498842939853535
1.784658450956479
1.239138971101509
-1.730585352397335
-0.397810328849074
0.697226814260911
-1.994915800731159
1.870756472030410
-1.227462239381379
0.238620752326073
1.600220417799978
-0.720369696333810
1.995868591428658
-1.624214020419202
0.874127018149465
-1.972426174333578
-0.080404158875447
1.387662376744759
-1.363139201189782
1.952949874680437
-0.983183280037743
0.403400850913999
-1.907155662837976
1.697557383199843
-0.560643174253496
1.495857102646639
-1.812499279423643
0.078233177804064
1.979219620037958
-1.104853073800271
1.009146975261227
-1.998161176359998
0.546611556774175
1.849078525433757
-1.532494226209431
-0.240472936544271
1.194533044915652
-1.863878991040689
-0.855231208071831
1.920541784621866
-1.704721571195808
0.826810929068085
1.626939694964769
-1.945435849967147
-0.440498181785391
1.998552966728895
-1.264622692333277
1.351668936003400
0.279595679285062
-1.459551862650173
1.763264786368189
-0.121009911240401
-1.979670039993701
0.655786796354277
-0.682596290192276
1.888296569765842
-1.758718475660984
1.102173638295239
-1.597751094188382
1.522424355604811
0.117139174239380
-1.015625119688206
1.992060918304047
-1.990975438950955
0.916567295181072
-0.351256663322090
-1.334249373192975
1.805757301497574
-1.917828222215100
1.278335293154873
0.506368880320857
-0.887119075755040
1.972869085769594
-1.652916369137881
-0.036324223704405
1.677253595715488
-1.826929586962973
-0.598280718370591
1.418531450801991
-1.189274502417471
0.740044805750514
-1.965536663360466
1.944821411719841
0.364732308116638
-1.397106384999651
1.720159647784473
-0.206386608102280
-1.999361558111279
1.169411196601749
-0.761183571819305
1.984084336617133
-1.875118866995040
1.574384928109574
0.198371466768084
-1.079468554358223
1.860075691829488
-1.744884915752089
0.984352772426801
-0.521151643441512
-1.480472346275415
0.580005731243628
1.999490765379944
-1.937850251744318
1.469814731829170
0.038665298496434
-1.581396234112609
1.913014991171051
-0.951742414561460
0.850126796962107
-1.797867315040449
-0.277901149042500
1.297634754384718
-1.988403683313269
1.835676059583541
0.435915469736582
-1.245876030216721
1.960003075714533
-0.823520857753164
-1.897054632745108
1.079689545166048
1.639869476130333
-1.665785757672374
-0.375565694566355
0.718511591137706
1.752262387010313
-1.952801957476341
-1.131820037876314
1.370124494200806
0.138439929784604
1.994180037667508
-1.380629072935087
-1.996708711844620
-0.620766502381354
1.217946168990272
1.896126099349723
-0.059321622119276
-1.851597914053134
0.343332141224433
-1.517410450336647
1.536330913165534
0.936087542206399
-1.716904927334867
1.929503635420066
-0.740401695307489
0.633512536737645
-1.976183051829806
1.795187748208764
-0.462863289400115
-1.315682033687529
1.997432357333993
-0.183740746258866
-1.772072658951854
1.123411297487941
1.587922256268879
-1.031852108279094
0.258866948241422
-1.923214471502789
1.708733181639131
-1.442189504767684
0.802405125632947
1.976062627754864
-1.636814063496811
-0.541348296481845
1.404651193380591
-1.993173485018647
0.525403208904894
-0.904710213848306
1.879107789154215
0.057496557644151
-1.206236324232849
1.032845077461092
-1.891474113611983
1.815642161464599
-0.259941094046952
1.259240821482658
-1.549537441619822
-1.999777126933863
1.956543751240737
-0.665103604784336
1.482885947707181
0.452550269911747
-1.819731851790413
1.666108517034740
-1.170519417640412
-0.102488964495149
1.990048963159487
-1.968731019243572
0.894399955001905
-1.691806356730284
0.216606874750809
-0.839311530618081
1.773786342155388
1.334297410081696
-1.348798206747991
0.676631506928719
-1.941732461829525
1.940661208423122
-0.418714455524870
-1.610404204457231
1.613366050234545
-0.968218578776895
1.999821628769707
-1.857797819660606
0.384815926979867
1.181655892348757
-0.330203768396466
-1.982767263799919
0.761599206799342
1.842930814086727
-1.281294327342320
0.017421475569386
1.456158742939800
-1.790766967554827
-0.778328487493787
1.969667326465467
-1.412537298916891
0.996969930470138
-1.998775370161375
1.730116444828730
-0.579683325979346
0.300852876837386
-1.066051366389940
1.924778839536828
-1.912149271334274
0.564712014800603
1.510101890828594
-1.737754800396531
-0.142687360912453
1.985980801208705
-1.507924253419974
1.090920245800738
-1.961925558532045
0.098568340186799
1.687377916795157
-1.118411087277548
-0.701598253040365
1.865632692739420
1.249246429311692
-1.644973146867138
0.838465330361763
-1.834241486732059
-0.501768862418778
1.562375354752872
1.996715250931351
-1.989736363859163
0.488505573837668
-0.999035386203148
-0.223260434771621
1.900772706786946
-1.469803399466148
1.430191779009127
-1.933105676821624
0.178756492284038
0.947627003041327
-1.573036093742894
1.949062803809926
-0.871692722465472
0.597570739582069
-1.880017514643031
1.789939276774206
-1.217333451761018
1.307612316138447
-0.019559169530942
-1.995895217852182
1.981600918280166
-0.296132901816497
-1.765183727073755
1.155345799958863
-1.324719426399310
1.646322856558911
0.418689998293687
-0.632053799421564
-1.949705495528177
1.883709796634426
0.750723716777637
-1.698160775040602
1.999068042268574
-0.936911668635086
1.361248592436360
-0.386744774962259
-1.541067241757497
1.746343776213611
-1.977968340156518
1.044575470127493
-1.143746975712627
0.290158322607336
1.963430547203847
-1.805426162414124
-0.091207474960784
1.581201332294881
-0.808576046057044
0.884279324444083
-1.902162196168681
1.830118381029354
-1.388948291170493
0.645067179542292
-0.452025204509182
-1.999919336747404
1.207576957087616
1.916617259507239
-1.617166738918126
0.127943214382992
1.503015285867134
-1.255548842386180
1.993153729568424
-1.869154172306015
-0.730298477067473
1.714241766758920
-0.194399212168777
-1.723344502647024
0.813063782141856
1.396049347650379
-1.091489035046846
-1.986760574473919
1.854546467355950
0.354044263588348
-1.450193406581100
1.113660308270889
-0.531491218224822
1.977616205120998
-1.956002205470898
0.028266726806989
1.620058220918126
-1.672152108893102
0.535807282791484
1.933053153322299
-1.845833811661029
-0.913462490211375
0.972109552770733
-0.340872119739746
1.768688277079240
-1.290120685061901
-1.997492223304943
1.287127190944875
0.227502786967720
1.998055826502649
-1.489745609020045
0.707487068424873
-0.655320254468396
-1.777982053909903
1.542925032589789
1.810715752438199
-1.040209885553744
-1.970635216841494
-0.047894563663618
1.021553706906889
-1.589967095334813
1.908981022903317
0.479223252836795
-1.920546339168384
1.437564726463941
-1.180134112556811
1.989100118304596
-0.570500394119604
-0.152366900874200
1.671737107009222
-1.751716419421997
1.228437492402769
-1.371077340151786
0.169367219795370
-1.992240295986182
1.961721976216908
0.667231759097411
-0.769864759966344
1.342361533219519
-1.894255593207721
1.874939016030272
-0.428568856908646
-1.432894069292254
0.906385905433846
-0.991085253501279
1.999937746603127
-1.935509393369898
0.393901550432716
1.702564357688885
-1.659121453357262
-0.250593561656791
1.068467192939838
-1.981367958287351
1.476335236980644
-0.863313184685937
1.800504466364942
0.068397673098483
-1.823333118185428
0.790831791256618
-1.236509136279934
1.946962687493435
-1.556793387412967
1.606186092823749
0.312506580043114
-1.999100201078058
-0.608633756492519
1.971346380341626
1.134585249191846
-1.710821352302867
0.621059308163061
-1.058478709901937
1.892289548342986
-0.363307639520164
-1.860841305717793
1.379018201626528
-1.341869611122471
1.757608740360983
-0.009920971455911
-1.963732796664046
1.995047145041567
-0.692674617718547
0.861808346582886
-1.524714511104138
1.528916809463146
0.249480999882283
-1.914677705386469
1.268602902391499
-0.959633304851729
1.839416558921960
-1.801621156450424
-0.130832864549536
0.515342394724852
-1.994126197470942
1.982889374789262
-1.162362783479465
1.659258506910601
-0.475268082657697
-1.630546708637837
0.729398318672052
1.927154466311395
-1.405559793854085
1.162804004889620
-1.947584816146289
-0.287010749573132
1.567905239428667
-0.831096054936192
0.427744281008643
-1.685411951638426
1.734725028309340
0.927024242946050
-1.974390799262911
0.089629403450125
1.991146356915513
-1.273148997545763
1.325592345512943
-1.882880845108259
-0.750444550832709
1.820542363818635
0.588200997927460
-1.111613245012069
1.954718412756209
-1.603640726277555
-0.069890967490972
1.462288383592845
-1.999604302272355
-0.510847384491489
1.015300643712958
-1.831028673733005
1.999659054586404
0.189573634509232
-1.475092830239541
1.633375991128543
-0.895376112882505
0.771566629793394
-1.755233291762937
1.862852870238299
-0.215263612337591
-1.984157473293237
1.200956836599711
-1.307384137428740
1.779312604362946
0.333261226323695
-1.926158683382177
1.938579790677318
-0.408070490513951
1.411962438952519
-1.198108408056042
0.686935168652829
-1.787306339303717
1.974526136491866
-0.673877194588457
1.062650004419938
-1.008381325230845
1.691923750400554
-1.954475057653582
0.148354327358283
-1.512561726672354
1.902996861747060
-0.173161268656444
-1.997112710610810
1.516080947110405
0.460736108521557
-1.727058952998655
0.965589467504552
-0.589023456529134
1.986971115121799
-1.419087010096469
1.292452937410324
-1.872108474961917
-0.320400065658219
1.594061136855178
-1.085502415792959
0.556250982407649
1.998819315937268
-1.904678356287124
-0.787970171707016
1.846318759094010
-1.577230298798823
0.047796807318315
0.820380894690630
-1.987641302656376
1.725077870415695
-1.356202886198391
1.233779092783398
0.269368309584518
1.965190144386082
-1.848620182550598
-0.943585729677215
1.424546916752755
-0.550601677821801
-1.648857681227556
1.885980864252351
0.374730382964098
-1.967186993969877
1.107841950503242
-0.111376230378487
-1.137762004263345
1.918635059676846
-1.809308069070579
1.555880645601760
0.867913193843264
-0.711353410087932
-1.998468553339318
1.996304620628498
-1.454992494750004
0.008493625284159
1.682099827258948
-0.268935628312773
-1.939934562922510
1.356451191782258
-1.222392819869867
0.627418939413532
1.797863598161268
-1.701379459723886
0.990655993397617
-0.847362461058329
1.950953124299636
-1.545268952217178
0.207920458035695
1.489401913837138
-1.991619656151056
-0.492675404817686
1.176084226114491
-1.768666863296276
1.980429505442674
-1.023952342549791
0.497558682879027
1.760456963335812
-1.888768382692518
0.108035626333114
-1.320206440797542
1.868450480106100
0.724019832218862
-1.960348534701307
-0.369442873913670
1.623523590998057
-1.620637207119623
0.900665792163868
-0.815203856329123
1.993674831060873
-1.741289760974048
1.263903606169538
-0.028724596580698
-1.999972059952373
1.942656506298501
-1.250820040345009
0.411081938736376
1.450316330642688
-0.626427056145239
-1.930727421961109
1.827619014662271
-1.494222454274856
1.085271819944541
-0.232046965056448
-0.975560544304852
1.999303691534486
-1.837496149216316
0.572467174038020
1.662531365980940
-1.376091213978776
-0.446189781736220
1.910987603781424
-1.978822050190014
0.796562134593844
1.312725165971882
-1.681834353769224
-0.879847625284469
0.306556530930115
1.743231329137008
-1.909667688702285
1.968241373317613
-1.124945245817226
1.038733370283911
-0.304128125731809
-1.586185547339038
1.383409223195209
-1.995412572824253
-0.053773264529261
1.852136768505680
0.661514253121813
-1.816141373595595
1.577842192661456
-1.072368597828547
1.985054869612649
-0.649493583559330
-1.437460805498823
1.149065900177539
0.233082542381545
-1.943761082141221
1.781986228052804
0.444450316295376
-1.854875840571293
0.941850766349123
-1.285733822384518
1.931359445466364
-0.136889681140044
-0.745417397103677
1.532623188359028
-1.973436045675903
1.997744414315807
-1.640629808355755
0.083827188859872
1.213105336743676
-1.184689055577496
1.705759125875547
-1.794162320387188
-0.469150912714388
0.844230946192346
1.898130765948249
-1.989138532609867
-0.929303509508953
0.604301419846978
-1.528749195572970
1.958314236868375
1.400414237345052
-1.899559618842194
-0.199969868065307
0.348754358451316
1.813171896385260
-1.401155798131791
-0.555659207751619
1.609720530134110
-1.719840078583656
0.756092867364944
-1.997843992558913
1.999978172229967
0.153906523862577
-0.801611232420929
1.128845598017204
-1.568028686421771
1.499411084223604
-1.211263914603280
1.881150613754373
-1.951255015826489
-0.392395574940610
1.330130504402603
-1.866658007857920
0.530602108019892
1.990613682315434
-1.098246515505329
-0.085896858909530
0.978259325459748
-1.668906636390037
1.649442549657719
-1.983454780890679
-0.687789906818001
1.922781135475001
0.274424318948091
-1.464985450117067
1.771251653764360
-1.775214480582858
1.244727684961233
-0.335662701422786
0.692207548008082
-1.330042935302808
1.976842766757956
-1.924630052583789
0.023080680515637
1.466122389437890
-1.003674270962962
0.921590249686866
-1.999493839620552
1.833143458333893
-0.603416765835101
-1.748273736515326
1.717311317754996
0.379774416211498
-0.900149661125729
1.995430919934923
-1.877641677565999
1.050712431593735
-1.268785925048157
-0.167893301708133
1.559012029320370
-1.606951824440079
1.188210117380480
-1.969684406727415
1.934856193169075
0.122688174120031
-0.516125343384571
0.776522900045135
-1.503345555867585
1.857450074609931
-1.993659852512617
1.366058637002488
-1.149749950494136
0.483886750678923
1.970531583448598
-1.842926401656864
-0.725297118331638
1.636660540259095
-0.255269620333588
-1.694678158113582
0.856083108826662
-1.044560001329776
1.890528267105567
-1.957513692947685
0.184324905422499
1.749483683614947
-1.385070960815332
1.274139836714951
-0.413688993103359
1.992580548911055
-1.916258181751139
0.639766858328405
-0.859277531913669
1.434031094878449
-1.762005898969797
-0.014688272963097
1.803379346539511
-1.553438724810069
1.003347679945330
-1.996304422333754
1.951950690817037
-1.302941877587708
0.327760913383884
1.591057124803154
-0.782805971909095
1.096611992341031
-1.980580917004837
1.998319699385730
-0.356767063851838
-1.662027958791532
0.551365780721021
1.684727778528014
-1.174833048119220
-1.828864753918565
0.062667980464742
1.914773188193232
-0.963844873047224
1.346499315239146
-1.934333258158922
0.712593976570894
-0.575205212784144
1.982256730087053
-1.484808494491237
1.519172176674479
-0.116079358294304
-1.999855407556918
0.889018462952596
-1.352598453317144
1.873042888533691
-1.734110990212893
0.244632951702738
1.223173115473441
-0.660575750720529
1.787575322737886
-1.884478299260635
0.440172312120220
-1.240661520279604
1.962584354415896
-1.594193275579641
1.479725697908211
-0.282529116036304
-1.986050479072706
1.027201802113418
-0.918123562201805
1.727660427716746
-1.803535443553742
1.999749916010095
-0.434299515533240
0.808072199886316
-1.428830385759597
1.302571021063311
-1.964621901005763
-0.041878039254858
1.943755020896469
-1.054216370691498
0.510850635447640
1.669141486128947
-1.900871052314768
-0.536177380742091
1.139160930865708
-1.633445091447639
1.818420832779895
0.203301758395710
-1.781124256781749
1.987553276015529
-0.756424812556415
1.546289796393189
-1.990413170163175
0.592800861640345
-0.188604412597150
-1.536693878460898
1.907044118308487
0.953276885263724
-1.194242551029180
-1.946539224067647
1.408637350481215
0.103340353924592
-1.019912860821868
1.973734626245792
-1.708135954114388
0.744767237731824
1.616687390334214
-0.835144859862322
-1.859328760385787
0.398625949553881
1.841194995235296
-1.366918712526454
1.074144276817450
-1.975385519248563
-0.497014825646155
1.997071016423991
-0.097114288109075
1.694920554965019
-1.998942102677267
0.294986720226336
-1.446306549507554
1.254296030980015
-0.706417338683888
1.894287309710694
-1.817942395381509
0.681149869262590
-1.114996755575457
1.441520719960401
-0.316187479296566
-1.919305270690150
1.765932904722886
-1.675461885887079
0.832593231371583
1.957429584343747
0.034061608778992
-1.260117434022305
1.374712130764333
-0.614879402400139
-1.994536354508031
1.994603213820683
-1.560759615786350
1.118527617124190
-0.947642329189239
0.465469660716881
1.570998453462822
-1.892864062004221
-0.227732187539776
1.877034239386108
-1.409307294143139
0.911480940979767
-1.938901563563946
1.737239458721648
0.143046336514379
-1.613875105407077
1.978528602852238
-0.875869981507748
0.359865189794241
1.506752970137306
-1.714065528664934
-0.457644164350326
1.928282554185375
-1.977092042918252
1.172721172865606
-1.158693016854916
0.616136686922934
-1.853124691826664
1.643143951921286
-0.156842516247969
-1.311487484020740
1.999889597550486
1.321467278588522
-0.637870585251631
-1.961149863148476
1.808252369277800
0.263590723796188
-1.520756065127647
0.878903707720107
-0.987113552408587
1.947973616901432
-1.795943791367432
-0.381104157217446
1.282905872136262
-1.999699323679378
0.541185210512992
1.850606476523170
-1.075968942294860
-0.004345880089836
1.597493153739036
-1.873579074101275
1.989538646831289
-1.655739720751722
0.734672045596217
-0.819146538360172
1.000118419634447
-1.992687024801346
1.711487402965932
-1.338392067991811
-0.065259550513894
1.459007373004500
-1.753480188765154
1.967416899526869
-0.526311124921724
0.221515498499850
-1.929564430910716
1.197729095527263
-1.231692747861269
1.792554216060183
-1.472504794122532
0.650627420810395
-0.245246944376554
1.937502755645439
-1.971514579378976
-0.735286955969252
1.391930028743318
0.423091531358196
-1.688576408956115
1.999186951484500
-1.908428930220542
0.931890761765998
-1.035563041658025
1.656133248973894
-0.346055328490968
1.864243117733268
-1.835845653128006
0.052455899305915
-1.393084439383182
1.158921574214269
1.539537048233823
-1.997670455494808
-0.584911025868653
1.983564999678883
-1.600517820067318
0.786253696140311
-0.909069150214202
1.754934640392669
0.165007255920327
-1.953631847964460
1.899546096777289
-1.128520301579339
1.047697207253440
-1.770353395425422
0.493533665049683
1.486539486070584
-1.294093546819116
-0.423628691545302
1.921673985594773
-1.984767969597885
0.338099134168350
-0.773738379973837
1.338431699145980
-1.505625034703724
1.822997500310237
-0.126242882984737
-1.810916647366604
1.991633269561562
0.702330644873324
-1.627387181738459
1.674860867954981
-0.677946808180332
-1.948711532156139
0.968863749822102
-1.202464015309740
1.964375329031858
-0.292004101751368
0.568718277143170
-1.999990231076263
1.421465517014395
-1.735918901404466
1.776622791436194
0.073568919426752
-0.978960583379091
1.093773331141583
-1.881349122769149
1.584521369673670
-1.421979167677751
1.997253816564576
-0.480158015004188
0.284970106093689
-1.982051037107140
1.236442436019833
-1.094958838688386
1.882487972919646
-1.570647205567236
0.816986964665507
-0.178521623567215
1.630081885717600
-1.913321931614345
-0.843793194824943
1.975297833013741
0.132891597027291
-1.844403954659642
1.837398583253028
-1.277222234989742
0.766378666452701
1.295051803314772
-1.995661253332804
-0.565362356013447
1.941571438877742
-1.462199877786358
0.389312271949482
1.525665932144163
-1.785622750656936
-0.075188378275400
1.018484353466608
-0.933145281600655
1.722623038237682
-1.966437815714382
1.986442076819733
-1.642897985627429
0.520457412195492
-0.402780990031805
1.185066173904389
-1.359673862196359
1.911985305680438
-0.715682093776851
-1.895786487134021
0.671609291394920
1.700057710693146
-1.166573532677132
0.012596151516794
1.999573854198461
-1.725190682158941
-1.988032100847929
1.447739060233275
-0.211073373485895
0.864869214229687
-1.538894243233461
1.856097544140016
-0.804928390818455
0.317293840581790
-1.942707163697016
1.358840321750429
1.955542683781093
-1.062448611112730
-1.824967183360487
1.071281669847126
-0.325405277590181
1.603423847966827
-1.998615670848622
0.193878503286450
-1.487320934317788
1.996083500726815
0.583934850935164
-0.594108165173938
1.801904455862201
-1.865301277252529
1.210360429395678
-1.214465363034496
1.552870334279957
-1.683629865996304
-0.024678580725921
1.925891387575224
-0.890820243914936
0.456295130391802
-1.922003656794332
0.950439388404548
-1.583806201403248
1.979890685265664
-0.506298816175865
1.732589205865182
-1.991304755520586
-1.345223096385350
1.131604651994849
-0.264968097104893
1.492751033868898
-1.743192500365300
1.904140590043450
-1.011893552824743
0.254009686795367
-1.958216137541694
0.841332722669751
-0.669336980302886
1.831574206478479
-1.415723035311656
1.271291498949503
0.094087980450860
1.998689583672160
-1.799750250424800
0.630473417895119
-1.140810246492197
1.679738644033866
-1.999239226198206
-0.147256376215561
1.415078521483865
-0.765305810564215
1.960765391222379
-1.931947460264818
0.369732857696845
-1.515005439232703
0.987402578434531
1.869613006694581
-1.703050796565511
-0.545895781458193
1.310221164473482
-1.248344312538358
1.988603989252697
-1.887519744179025
0.715646912139772
-0.955760570637294
1.747923618904594
-1.968034234041837
0.174141311388326
1.565184166165556
-0.366381358912857
-1.650870106743892
0.897629324907822
1.945930985400199
-1.327226637102489
-0.106660287652361
-1.996905480928721
1.472955123636350
0.474780462838677
-1.763576909944936
1.786069696778240
-0.867468202726644
1.110688009233563
-1.850005633852076
1.972101845979947
-0.697097870302614
-1.439882038188672
0.560323727124430
1.889376325360645
-1.980111559248495
0.043125775405607
1.381203609189462
-1.107811895838972
1.999992376531272
-1.592112727412080
-0.300505900163613
1.651117451415313
-1.905790412121806
1.035745545470323
-0.465997497272362
0.414607522522559
1.844766117594427
-1.821484176832983
-1.027945585927824
1.251767275459493
0.799429405971932
-1.987158069979113
1.993416579437750
-1.378353211075979
0.112852451558001
1.513061391286494
-1.547504387416080
-0.634929064509943
1.689778327446009
-1.936706851686611
1.933902415372080
-0.236179710287820
0.607661536783943
-1.224967893632898
1.152060456849032
-1.870530377523260
1.767307090630194
-0.791743033044324
-1.664002301567426
0.212624652502173
1.984610148275315
-1.962853594536393
0.924266119929702
-0.032919942267582
1.621777938068386
-0.995109271547649
-1.779504554781659
1.348997191094395
1.917611568287423
-1.478001065814765
-0.437396929664370
0.747822249010894
-1.993891516109293
1.816992661629206
-1.296318732746731
0.502073428637282
1.225688852497289
-1.622374680576779
1.968948515029629
-0.827278042438188
-1.999946321542563
0.303723640047922
1.427576694814337
-0.202996999528491
-1.177554883696715
1.997906473697152
-1.721414539808741
1.059697950250323
-0.611867507651999
1.861356000544702
-1.927189839496249
0.658696335531568
1.611482117612140
-1.974879133783156
0.004209435075234
-1.082739436121331
1.950048600375497
-1.452611198620040
0.853118566534656
-0.488627997733410
1.715761021177103
-1.832618499994336
0.431832306063861
-0.925896863863160
1.453387735310727
-1.950546808986254
1.895210097134763
-0.273523983721981
-1.558849955733756
1.166133820586742
1.994825176317650
-1.757107194464117
0.241494912030365
-1.262413325906394
0.962057094442932
1.775271377740515
-1.990068213887024
-0.389543797461150
1.534471157979683
-0.753244818995904
-1.876492387793227
1.327849091804564
-0.062228408630385
1.981032086833117
-1.696347315141621
0.684193201650228
-1.395095641712010
1.664272079029358
-1.147007575083534
0.356857131005108
-1.998301193965786
1.930475696638288
-0.652338120733744
1.082556122316790
-1.807365906746118
1.809488886785941
-0.133994423725811
-1.496597264451656
1.398190800273731
-1.910920812596514
0.823890533844089
-0.883517924742590
1.999399172514169
0.151142498650690
-1.608716712601508
1.878043667592314
1.579528555633066
-1.977533753820965
-0.971730463514893
0.576315597377184
-0.353966067250184
1.204131176942719
-1.317864902489565
1.959148437860402
-1.862292851787995
1.741612574941455
0.065564288736917
-1.955319101357090
1.011888600844079
-0.528895205511981
-1.673805135150158
1.908045595907744
0.448489430969116
-1.069076044659621
1.289486929003296
-1.789245429638360
1.990881616377643
0.768968881570491
-1.995157626939838
-0.727786974174153
1.635048436962181
-0.165200066039127
-1.526751334831830
1.826384199190099
-1.191775046840706
0.282246049704432
1.501232122716841
-1.898336314183088
0.881643889325343
-0.851329470669152
1.965922520239143
-1.373236283741406
-0.308221858886558
1.372319341971677
-1.944585940653901
1.704208670200347
-1.732205802597427
0.538442250083460
-0.094033891117282
1.939588266709755
-1.983804340808622
1.121008347097171
-1.121725172641964
-0.567927765709911
1.996530470412377
-1.575342769233772
0.726800350228691
1.793878915851174
-1.841406032607922
0.120036321161112
-1.283472470429578
1.548030999588053
-1.999432236901463
0.980996982815838
-0.449150287560073
1.884964917278058
-1.638545818352990
0.330494175500423
1.261557116401585
-0.940351348476425
1.985536774675515
-1.890142155985209
-0.219333075330709
1.758999048624668
-1.430919267469236
0.637007640872969
-1.972896703633244
1.467953241171662
-0.685265405035266
0.406857360099730
-1.746769826774653
1.847715488583846
-1.051389751576461
1.191225253167823
0.031013977061892
1.999858776972076
-1.991969456352808
0.908960250789313
-1.234239625437427
1.595749024501405
-1.814382616529975
-0.410861933283753
1.953805547948306
-0.811851544093274
0.224539169749203
-1.917066873562058
1.657708722749251
-1.467343512288608
1.304938528038025
-0.044974811606138
-1.712392702723902
1.923747622213773
1.029791321791125
-0.623529627415389
-1.997302394769484
1.978049089029385
0.600751299997149
-1.336345922726121
1.406619289535286
-1.940803304292440
0.793375768178060
-1.101424611961945
1.867033783363029
-1.615528364876247
0.181565844841488
1.726380475193686
-0.333005068192810
-1.856294686899979
1.104654178576174
-0.897848147443149
1.992836943926692
-1.534430000862752
0.517923846018630
-1.959680740671186
1.560699946010748
-0.513482879388431
1.901864920247487
-1.403419609564919
0.939059689441967
-1.773741582230188
-0.191340293458153
1.780669653031920
-0.742845879771506
1.336454279381839
-1.985712347747324
0.377240099196199
1.998943247790678
-1.208597094981087
0.086609534164691
-1.690117899122267
1.641544098849746
0.699781247620001
-1.903416780494669
-1.001423695107306
1.973311014393270
1.242079457994868
-1.999819130915641
-0.083038120061723
1.484703479591473
-1.510232080771597
1.834458966002763
-0.591574485743619
0.266482524511112
-1.305209163476483
1.146164552429447
-1.970150884383432
1.915629980131691
-0.798190865317960
0.835215311616210
-1.792540171339394
1.693453824809526
-0.378290110010041
-1.657420970838778
1.987834986700941
0.481569277681931
-1.925359071384455
1.439440953508171
-1.152494725066832
-0.007205146954927
1.753579496979352
-1.579458262114906
1.053732123619555
-0.704051586837762
1.945378188265169
-1.996480983014499
0.647909312949529
-0.248001583483692
-1.867943621235205
1.524024556559644
-1.037875229613964
1.858699208562968
-1.364977210143467
0.758735197782936
-0.472510947064791
1.995632070628017
-1.838727558532895
1.363822566817153
0.135686189689510
-1.952052255269173
1.673303356510630
-1.270990170773320
0.345937877304549
0.993866246765047
-1.739528762993979
1.821725634648232
-0.915763889695562
-1.988810766237904
1.963895345307354
-0.149769905359490
1.220311386720441
-1.444449755585552
0.871242390313505
-0.646186463492371
1.586265425536890
-1.629032292737711
1.932227317268743
-1.878922922478461
0.549020597928493
-0.965961030937521
1.998201579641241
-1.979214518461579
0.020218682591739
1.280578509961156
-1.491951711040587
-0.553055127080581
1.799061383887698
0.309856362402782
-1.766891560849541
1.389808644562210
-1.134660469281085
1.887190800192693
-0.289408180696665
-1.933725126610925
1.088090862016446
-1.565995723315093
1.625411807204987
0.623764913779848
-1.999021189262795
1.976445159415575
-0.776098327151211
0.200861727931676
-1.243129340054459
1.710113172916355
-1.706552333595274
-0.426086641048152
0.903426363440272
1.999959967318972
-1.965082773501061
1.508430529735198
-0.118532818028831
-1.386999186935135
1.178804859182482
-1.847263002972380
0.463115465125853
1.873987486398464
-0.865390095971885
0.737302659776560
-1.992943725959640
1.919625350389152
-1.088572744564866
0.054956918175187
-1.670386180608560
1.738504436913504
-0.343478271305040
1.319393616339317
-1.921257703482363
1.983208695346922
-1.182602332728905
0.956108950893375
-1.596120684332043
0.396257577915035
1.572650324004491
-0.671551601195123
-1.825964249816383
1.956047879327960
-0.175970979739764
-1.350676929214004
1.432125903358703
-1.982393038330982
0.674066549247820
1.812073997612137
-1.017795562373527
0.162308296942287
-1.895003844472053
1.992293240984041
-0.499384662434552
1.136976078915466
-1.457328407434801
1.607792926896257
-1.750096077889042
0.805625403400444
-0.841461792060556
1.897205068348840
-1.998008297776008
-0.051104578433388
1.764474470755083
-1.551558736813715
0.527994743953433
-1.956757380441206
1.041662302283830
1.970111937437190
-0.605805271146022
1.474709295843281
-1.806379446397490
0.256358822767881
-1.253498385723708
1.853295858138674
-0.262441985685211
-1.646906060686221
1.256737335241710
-0.949700508332109
1.683431366469823
-1.971937289030435
1.993963901884064
0.425431366128657
-0.718024673433315
-1.417379975326250
0.975101873703473
-1.913999199638236
1.936899398132573
-0.400287587272988
1.353916587304677
-1.999891566232099
0.100994643556162
0.779091813553529
-1.164550096952798
1.541229985223709
-1.728716262559077
1.791101499644497
-1.522547868008742
0.590489029267869
1.997586836607790
-0.538850493027025
-1.883699268041523
-0.022036423923585
1.909996385660043
-1.313395973811416
1.231062422880639
-1.782498742480651
0.297500208431252
-0.989067433780496
1.647733395542910
-1.947061707827821
0.858898454699263
1.948543542841236
-0.785374067040346
-0.225521162676817
-1.994352988613456
1.416789846333106
1.065723107183664
-1.680094319320867
1.838464690524451
-1.060423811500920
0.491157090072505
1.989792654670754
-1.482598778232786
-0.455068704237499
1.718899960869076
-1.976595652882338
0.230509358249740
-1.829964209300990
1.160870984046399
-1.219767407562348
1.494303439814269
-0.100049124203494
1.979558012890364
-1.602174649575137
0.709812764026433
-0.877865174573406
-1.937270268511269
1.880151229497547
-0.322826656842660
0.918931953179034
-1.288129527914915
1.601806284903355
-1.989447392261003
1.999705538635007
-0.582136535566492
0.367215126787179
-1.854018628091655
1.300080353295069
1.772442272260562
-1.715613647973975
0.080669976232575
-0.758942090670833
1.006272245099981
-1.435160321177917
1.961243546081898
-1.906484526372078
0.664500712908852
1.460627103480782
-1.109768222976484
-0.139946302003619
1.667695508629366
-1.996097504735314
1.926536778422245
-1.634997243946149
-0.906892584492221
1.126066785480069
0.187146106162309
-1.760384138934142
1.828890983460733
-0.360256901869156
0.562527778098966
-1.962411475315530
1.376874456717928
-1.357911820773827
1.986709998101621
-0.658195607227925
0.829586008593886
-1.543153317930319
1.744820986613970
-1.871346999295773
0.324766505221762
1.530599906779277
-1.200221703909927
1.893163649571819
-1.999651962663446
-0.072534228266242
-0.821384929775780
1.215339673697534
-1.798810174489673
1.996894621247342
-0.482390042959194
0.891456507577601
-1.501120503538293
1.631566504753843
-1.930140073967450
0.442318485983915
1.952436326865284
-1.026022831144461
0.040926545596594
-1.986414201721042
1.804684988724045
1.099367531364347
-1.332000488144350
-0.275730001959966
1.344209134892647
-1.699672621735981
1.974903138121993
-0.694858874047081
0.613800354329872
-1.817045377850257
1.698813618904932
-1.407540416362895
0.145470316947454
1.871840539686568
-1.967616515564492
0.753334353483317
-0.980989815451321
1.554412400019406
-1.588007469064113
-0.197223744164449
1.999245426127676
-1.889464176264970
0.944622095956246
-0.617882671290381
1.266487558929993
-1.172509384822363
1.942112237703141
-1.981009579894007
0.504251000720248
-0.431532818362392
1.402475435997115
-1.660625945927573
1.731370658150327
0.006341175088758
-1.943218869818943
1.906159787096255
-0.931260955523700
1.024267042581708
-1.776594059865244
0.276748093502345
1.981929180973026
-1.275361208891006
-1.999996581696127
1.517556851811238
0.689858946735850
-0.523446309105988
1.843846581809792
-1.074225974035851
-1.863060754058686
1.192877014389091
0.387033833471315
-1.562469171462120
1.615230942300627
-0.737557863460322
1.967818040587847
-1.382831903246377
-0.159499552884625
-1.990711946025144
1.783342215599914
0.847189368285350
-1.918620287415039
0.110485536730441
1.446185008219447
-0.853287469357671
1.994401495114252
-1.686987936382792
-0.372588476603403
1.076908598049729
-1.448411257178913
1.913897445735262
-1.126729047289063
1.315028072640347
-1.900232206056435
0.210363771155605
1.660895877706920
-1.618922310877547
0.721346370367779
-1.998695989877125
-0.238369598512996
1.998448397700905
-0.558422117825050
1.814512524512042
-1.813411546574973
0.472464246930113
-1.229641206110119
1.576097843752487
-0.038925781050112
-1.973925067410204
0.929695946122322
1.935523327222787
-1.046510810106648
-1.518973125635823
1.246899395515979
0.581924969606057
-1.949209353040908
1.756288184093244
-0.640538287753044
-1.718505150824297
1.988853693950180
0.340510771209003
-0.892872038367336
1.385622741616632
-1.836640216071390
1.862119135313568
-0.306177817287109
-1.322505201877549
0.810765477759117
-1.993415661753333
1.115993607211149
1.958729017169042
-0.767597962404266
0.071107206662848
1.688536707121649
-1.788279703982407
-1.476490958730770
1.478248770932588
-0.416324947117918
0.642437011069737
-1.923899049738528
1.999916545818905
-1.006215884996633
1.171091814794228
-0.109122872300676
-1.612054682546558
1.891356049468367
-1.984485418916607
0.247129686801518
1.589640725832030
-1.257903743331091
0.784098624714339
-1.874390166080149
1.971726285567370
-0.833049645003865
1.285026396923166
-1.742238559485745
0.409028734113398
1.796508071256336
-1.399120625349664
-0.208922470287927
-1.954891286742049
1.707241816191149
0.989047808447590
-1.156797662054068
1.928889684834689
-0.508355764480345
-1.997398307590039
0.543791751274017
1.423077762176368
-1.667313476212277
1.991408553574809
0.171697943780953
-0.709124922336170
-1.530690023372592
1.504867188699657
-1.850778054170304
1.849856671860330
-0.012503721219459
-0.957712121508170
0.876544553588802
-1.969183559531828
1.332178807854221
-1.300738131953418
1.950499665371594
-0.384068054386033
1.638329914200806
-1.910286365574502
1.141607919803628
-1.093291511833363
0.287906916664758
-1.756164349929669
1.984350826854466
-0.600562851665238
0.732156896720464
-1.999297009087741
1.761858462856509
-1.426853104330669
0.125612034955615
1.876012074310428
-0.181340073878912
-1.654168140491968
1.046149251877156
1.566522000523092
-1.936044430419029
-0.806730490348224
1.995252447361650
0.512936584004922
-1.187169987691702
-1.822375990148003
1.205775252741786
-0.460363922756221
1.824042073143803
-1.978395284966149
0.618692504985444
-1.555130167843976
1.921126585815895
-0.056710701643058
1.451956354262445
-1.343604136700016
0.963869060264670
-1.886701637539748
1.723735878078464
-0.920565864033266
-0.284569960465988
1.965559777505785
-1.994749186342754
0.433882344475975
-0.680114073878066
1.368016533702369
-1.693289948784377
1.999997321292482
-1.463601343543764
0.025670846273114
1.678455113499598
-1.802565075479225
0.913951919623186
-1.116753332650722
0.351535723076522
1.900156901627628
-1.960748507852419
1.276112922200923
-0.573043355561421
-1.582633913436303
1.544601835429223
0.694754559763830
-0.338224796000985
1.977249677385177
-1.987409197054711
-1.033580725587636
1.777964137175335
-1.369088962672234
0.218989500131033
-1.858578041971165
1.013655617014479
1.940105918588781
-0.123955065688047
-1.733162658598888
1.618424280229831
-0.747992489736615
0.773945088005867
-1.927817262382435
1.840377579144073
-1.238652837643143
1.183360143151126
-1.625849808458567
0.458269371009441
1.999003800128537
-0.869804566618565
-1.998383913758128
1.490905482801018
-0.443301322429135
0.156777473913701
-1.767798224195083
1.735901501838157
1.064191421466324
-1.495414569763635
-0.253152656470116
1.990334140623419
-1.902804357876700
1.394041837737436
-0.973629015886050
0.595385692011968
-1.964148112835971
1.866341248394469
-0.629264016902767
0.886652381942369
-1.204406483574396
1.654405362628518
0.049949293141759
-1.992450282297505
1.954271879487745
-1.709451234645575
0.319479746074932
1.323551504052401
-1.292114705446731
1.807024436105539
-0.543794428933705
-1.843661792922847
0.653330174402247
1.980739068179759
-1.413985570861299
-0.088439997024559
-1.945936101023035
1.153718436352585
1.527285651518640
-1.056272967551479
-1.605253733461087
1.904711203330004
0.818699247044598
-0.789970234075306
-1.999740647156150
1.750779404473972
-0.314160586585491
0.533122989138131
-1.795023820209493
1.996417162678384
-1.139297633048550
1.435785137584434
0.092025800996781
-1.892200070243303
1.106249217301867
-0.490671034662719
1.944244656891924
-1.511388298655914
0.372278516088310
-1.983093470355228
1.592651527607118
-0.938682965371159
1.240553986541578
-1.677000888077010
1.855346568111552
-0.170508743310521
-1.390978021222967
0.934186058427046
-1.939435770387512
1.974116609812076
-0.722880307560124
0.235949573442072
1.696213477682197
-1.569436160435523
0.742524529191598
-1.975769343315305
1.884323261505560
-0.395159551519857
1.340476761509861
-1.266716330089517
1.999613782256906
-1.880682795259517
-0.030705639882961
1.464274591053057
-0.996911971084205
0.554167075337888
-1.749201766370858
1.788712689815875
-0.663042223066698
-1.996597422464093
1.001687876858625
1.924263240036435
-1.641779377349978
0.416740031779475
1.628503676454541
-0.849147471354814
-1.833394724787675
-0.217324474824325
1.987264511270571
-1.309460305709702
1.199366837960088
-1.915481240877994
0.678897134569704
1.819453072464602
-1.103024800794759
0.014823979022170
1.557488657549087
-1.471136717902280
-1.957142537794082
1.962195851365351
0.271701490519204
0.851623809472859
-0.518642609208899
-1.784696379117804
1.410431214313190
-0.902422150732553
1.712926590712527
-1.999960767530743
1.081136169623085
-0.348768793082794
1.997825852138142
-1.539977558513038
0.130545127639924
-1.168544966606166
1.291060574395236
-1.865994907682669
1.912490186258845
0.486287108974026
-1.354346740053194
-1.971070881296247
1.670474319253234
-0.077705873035559
0.976636983373960
-1.724279863062612
1.969284499545212
-0.690230970242666
1.514403392669611
-1.988609271714698
0.763937571339026
-0.817041895346978
1.832364488844097
-1.632045973990330
0.195909937134361
-0.270964589922798
1.992998409742953
-1.212945480108208
-1.931414252908039
1.227067460669570
1.769947828053450
-1.423543689358332
0.574295552157765
-0.586930713378734
-1.808459324669768
1.938077555344784
1.031360006462942
-1.081068536040767
1.582850800590143
-1.995537720725642
0.314765373025295
-0.405594390378274
1.881810823252272
-1.599030710726252
1.355208831217923
-1.897687696494225
-0.144903504669285
0.788796251678499
-1.013647152169486
1.985303225831117
-1.771252478581843
1.644729244312512
0.401034472581324
-1.486092742232400
1.130224970607564
-1.981695452833829
-0.477529960184485
1.947430921715628
0.060218061426860
-1.279320854881623
1.497670564482744
-1.951665145056795
0.704938060238121
-0.780530571958356
1.845616653002147
-1.697263740400747
1.999787819787609
-0.885308470865317
1.306288589488813
-1.846573532664598
0.869522618026881
-0.298226802107780
1.728916783708236
-1.998864441630598
0.450481184640830
-1.340069217882704
1.918111879117781
-0.002073565732080
-1.574197760990574
1.426209518500747
-0.732778754562528
-1.966035557130280
1.978856219915464
0.946161214490584
-1.145424460321769
1.604813771049773
0.176471575809335
-1.827901203202538
1.164611690808502
-0.563023645470995
-1.453798668505698
1.801202976397640
-1.907865689971417
0.625713784221036
1.898756385441277
-0.961750958915292
-0.186302981422638
-1.649855822349007
1.995753797757599
-1.991782629250613
1.269959271582262
0.362159276540912
1.686014387546511
-1.196068546956994
-1.736870681980656
1.055220080814147
-0.421241907521518
1.957824060688407
-1.941284964996430
0.499647173539075
1.537899923513963
-1.042366197238304
-0.067461355250313
-1.504494174270344
1.859378533579596
-1.875876917715748
0.836827773442156
-0.647825683609642
1.471354210524398
0.261208516109653
-1.999548724346611
1.991852251933871
-1.374706098410287
1.744032164913148
-0.242895709362804
-1.761200489416855
1.095171404507101
-0.829039498509801
0.669273565980069
1.931789978017348
-1.922591323599568
0.105705744024526
1.373525251940601
-1.244541289638290
-1.682730171659419
1.998752340120449
-0.533864593198034
-1.985078995304380
1.701431970510197
0.896093711616001
-0.945484953964709
-1.546407126130623
1.836483220099274
-0.128629106265094
1.253031066051254
-1.818929429051855
0.522965207621879
1.966998852900100
-1.438668777937927
1.569482347367487
-1.959303742671795
-0.327826172336255
0.292704377885819
-1.067562086690946
1.888837872017053
-1.860156107849888
1.020027274120837
-0.699446202641902
1.785364078794619
-1.997760740334050
0.602621026719487
1.443006754186475
-1.328526433611616
0.036271454014100
1.982578527374632
-1.591041599662276
1.174640480956708
-0.610318246027355
-1.791668208116411
0.803952580339309
1.675995109659856
-1.130292018843303
-1.976851053240249
1.870183255291441
0.140759557554637
-0.861074135444885
1.997164882823012
-1.705629341644891
1.347781163877181
-0.367909773800066
-1.911608292461771
0.382356937193119
1.598859534019171
-1.410789720984756
0.970421284980761
-1.990241473874074
1.951464171335377
-0.230052608132873
-0.763244066796180
1.759738437808243
-1.663065113401846
0.717084243823063
-1.221116939329689
1.216651413016846
-1.948160410727066
1.909486755777449
-0.017273955914156
1.481441968161549
-0.985151625269813
-1.885204921125188
1.972491145579560
0.205688866689350
-1.525729584823951
-0.494931338966976
0.566854618752334
1.816329367355607
-1.778747858930788
1.112215712823702
-1.997007566256200
1.999445729741799
-0.911360435677766
1.551244323849448
-0.113651564281801
-1.361465009082198
0.467928220675462
1.399287453786454
-1.934887687186407
1.721319742614768
-1.160557827441377
0.904921942405170
-1.729583550169882
-0.447669514914513
1.988365015006964
0.335610046612454
-1.968392086677508
1.927718314821790
-0.667279268722450
-1.623262635059088
1.298847123292414
0.075963617226380
-1.840744411648851
1.655252073561907
0.822348475474375
-1.096738236673241
1.851449962041633
-1.460771466419146
-0.257773855571182
1.072707554522720
-1.999982691889649
1.959639735395910
-0.799875202194947
0.635303646406461
-1.869783389253579
1.520786235210187
-1.299630196976179
1.774544683661335
-0.577499861896314
0.251644404695990
-1.980339426977703
1.993820823644459
-1.557851891143025
0.995395926148594
-0.154694524341803
1.624435698441858
-1.021970602973431
-1.752611767276843
1.235068521530265
1.893741653006927
-1.919918959374363
0.749256336482773
-1.252170047444226
0.421036977719562
1.975693713069740
-0.467584245342345
-1.993539887478478
1.413571440513449
-1.645905564386555
-0.049443711031276
1.828243432985412
-0.713562737636747
1.147635346289388
-1.804466251210032
0.167057107796318
1.943185573124525
-1.490828834358422
-1.953238952987248
1.457447746641929
-0.927461800472537
0.863277233686289
1.999985363755797
-0.358512772396869
-1.893586707480746
1.733698406224901
-1.347057166576044
0.508628706716824
1.316195175949917
-1.178855285425797
-1.713243454103787
1.875486953904483
0.115094247139925
-1.986945824393368
0.660101284629882
-0.624996422832405
1.612430545173444
-1.585093876266346
1.986189729192082
-0.294014298235312
0.954695801718316
-1.855621677725755
1.794534691278369
-0.837345274839700
-1.999169393891319
1.186811084191737
-1.120197410260363
1.922267400560280
0.010562660708955
-1.402254062984710
1.362543123004044
0.391635192381642
-1.963281674847714
1.665151857242286
-0.548303733900618
-1.672981008592786
1.964751802501424
0.586121852289128
-0.993133426982597
1.040140211420938
-1.815227236786731
-0.204607195744193
1.563714690229694
-1.516152824511138
1.998131479840280
-1.928963705900890
0.794996319805872
0.214748441552574
1.748704701544241
-1.284607397152607
-0.771804779830055
1.902450063596932
-1.973176340660185
-0.104423642394076
1.511464442264995
-1.745782716689895
0.925611473485972
-0.435836643991496
1.934367967216787
-1.995272089923065
1.262733918305401
-1.064160607693141
0.308122071339429
-1.443321952887656
1.811366220828269
-1.904093852121993
0.688364220962127
1.989336999469921
-0.873888628779130
-1.612956581181981
1.384515241386635
0.045507882841984
1.690924936396170
-1.831786804552767
-0.596227874002332
1.089473709792020
-1.232962937656608
1.864865381993166
0.477022357408336
-1.991142066279373
-0.318369094607738
1.981317535968320
-1.535539243763330
1.487936289434827
-1.878299399772348
0.730780990428723
-0.953727947172797
1.640703951308705
-1.690937012115035
-0.026675987062861
1.994936117940406
-1.319040665717033
1.209052555537171
-1.944199082515162
-0.504054535912679
0.438078915298620
1.916113636809454
-1.774470614764833
0.982737522723087
-0.675964844498685
1.766622114731506
-1.998086088810351
0.191580136736859
-1.383925728381561
1.328983858458865
1.955143370918469
-1.087029906563144
-0.382605878815324
0.845647398339550
-1.979432768330779
1.842074702259923
-1.637674553150231
0.558204177381511
1.585381340195166
-0.213200260583637
-1.479311737626364
1.999129492359303
-1.796929250696818
1.124726059641936
-0.754710216728993
0.096293015563705
-1.932542455649579
1.715011359336885
-1.190544681485912
1.429000220912881
0.347355762592030
1.970926590669016
-1.849272268905443
-0.889051465762249
0.609435629960765
-1.966809436731266
1.886587621196012
-0.280139542918082
1.281725225759596
-1.578314505294395
-1.029893387096122
0.882943088697063
1.946443970449153
-1.999873817300473
-0.095500297929615
1.531662296212316
-1.722269887390556
-0.636391912000839
1.804028712971739
-1.261295471178035
0.760168111215591
-1.898952014685497
1.157170945168571
0.240061315786712
1.996804673261990
-1.420572724257293
1.680926148292074
-0.813355855321794
-1.956345949326612
1.025721804429650
-0.409481666480964
1.856822352497990
-1.764394312542719
0.299172611716478
1.454715296897466
-1.151070480476514
-1.988202139796344
1.983814453811984
-0.163797300219291
-1.500010201133654
1.632495049175837
0.646504036919334
-1.882152041242151
-0.486515527878090
1.779995585124120
-0.969986229808000
0.937681829027583
-1.656602219345616
1.939092040091046
0.152519852077141
-1.995999661357553
1.311415510512794
0.495474992434056
-1.306321297801405
1.992437408734131
-1.824136422391062
-0.738971182647496
1.390886331448055
-0.060798924235408
1.907537685216504
-1.550571835924080
0.814827517353682
-1.938386935394243
1.740789893261767
-1.113210851853348
1.221796452953282
-0.524931704325833
-1.702187938324997
1.963014745113237
0.066959615032203
-1.974641575645167
1.576955389177076
0.429712197846450
-1.379446773815883
1.058368839299971
-0.857212669297586
1.822360594027795
-1.912777959453279
-0.234152055382841
1.999841424390184
-1.606111517858148
0.703639979672011
-1.215951351987042
1.503929542736362
-1.864567060919291
-0.339559769734867
1.704993610818615
0.539798949742403
-1.985533841630657
1.878585426126112
-1.010011453856088
1.133320193215464
-0.653877997441761
0.002041171164755
-1.786471918149905
1.978275166349195
-1.434005569894854
1.350458487286389
0.278193632917866
-1.998544358830811
1.648619481060356
0.915239671762586
-1.679289954555115
1.930016952536592
-0.793580626250637
-0.138351356009001
-1.950152937699212
1.248055339343753
-1.272069416379277
1.998613850812863
0.358347703033465
-1.468478304713012
1.608735388436979
-0.453611978903170
-1.810200245997037
1.007685843309906
1.791802869322713
-0.935008715461846
-1.992815815406920
0.775246711129530
1.896656274092181
-0.616384030979459
-1.738741487893582
1.419939952404306
0.124134697089720
-1.926614700716101
1.956972636884088
-1.052724034568049
0.578111875151094
-1.566948375375611
1.547146437446001
-0.266858104750380
1.990476949783404
-1.890791626760981
1.100756399809107
-1.333168552268362
0.226050406697274
1.830827769746294
-1.961550031856429
-0.391007955019789
1.196113889856716
-1.136076415725162
1.754259270171051
-1.618074475951889
0.454394876484902
-0.707749344833132
1.968586058370918
-1.999576838782025
0.831051810559730
-0.040410031200083
1.467036815453944
-1.839336610191348
1.867813980311946
-1.392062996405066
-0.557010899778273
0.682614696756179
-1.982581608076078
1.661693885669361
-0.192845042776644
1.996181498442589
-1.529727476802080
1.293845834143162
-0.881660842105817
-1.757976338954384
0.960385311030087
0.326311587103688
1.919178389571582
-1.207431639264995
-1.909039904320809
1.377968034711161
0.082327741727104
-1.077673051869491
1.949537419586602
-1.668100384884564
1.718117961416077
-1.970396263403825
0.629073074755028
-0.310059271456541
1.596581656556268
-0.825334558250202
-1.852401426782662
1.049336758539347
1.999534024555783
-1.451301521037073
0.405083876354088
-1.994240318080064
1.847102444040521
-0.084434454663056
-0.977326003927132
1.180087882673536
-1.717712026430606
1.980154112330988
-0.583473431160843
0.738686798274054
-1.595126704067286
1.535427664862447
-1.942225744919130
0.182926055004339
1.770597148917600
-1.176027134059174
0.892813097221461
-0.430000143380442
-1.872834591840556
1.925354478465406
-1.367981613950213
1.448971589371037
0.029637218269665
-1.989591461019769
1.272851551782063
-0.726550266075459
1.985754717911645
-1.800681380884765
0.526707488273666
1.807651351863425
-1.508962485315894
-0.174583969654715
1.619247753670140
-0.919317246543197
0.857507399184401
-1.999932940538527
1.890018452978567
-1.241802028997738
0.265078165097798
1.335392259801096
-1.916674879860687
-0.471033289290777
1.994292253896180
-1.639646617532877
1.078163794999779
-1.314532401393083
1.694192847903381
-0.683965400235965
-1.978177270618554
0.599103121171997
1.941123268003971
-1.780405574378560
1.496774979030889
-0.374038623982604
0.378498080824389
-1.099908547723160
1.872445874511079
-1.954057151702512
0.992240794268423
-0.122469215065081
-1.686223526004281
1.403619283558603
-0.845481062330809
1.999949760792571
-1.820637379989452
0.722690148758879
-1.483622810140385
1.736585534267743
0.137038724347947
-1.997207338866440
1.140422737000939
1.973522595299339
-0.537535810477931
-1.039047870686022
1.559862700331475
-1.896389324920634
0.446454618723566
-1.291118561869487
1.835036188530080
-0.008568582134732
-1.726261465773374
1.232285062268795
1.911442063254322
-1.544107068734976
-0.221387159955145
0.800754816845470
-1.958556763053308
1.672534952089826
-0.784073973537714
1.960414738448697
-1.429822820578762
0.665819244912226
-1.861569209058377
1.359966791249591
-0.630677990139043
0.234458921747227
1.997510078627518
-1.983978083193578
-1.185899739662137
1.786897610554773
-0.347450128731342
0.949145880519367
-1.628226305090721
1.477292034923801
-1.004876280881047
-1.924271175425578
0.545266981671315
1.637452990987911
0.058813732490209
-1.351629215017160
1.991274632732169
-1.996213033824904
1.117290506198896
-0.901286757392111
1.853882594845693
-1.769499350719968
0.331921085971847
-0.512192617926223
1.257979802666971
-1.835053111704213
1.953359511820820
-1.571843230394796
0.872818490508651
-0.073847652972769
1.762560620684535
-1.972181712061726
-0.746725260562875
1.573478339397862
-1.226220954718763
1.903568893076609
-0.302216509880564
-1.888104436809356
1.034457841693066
0.489809638486216
-1.398104972157074
1.976645423813973
-1.999396447933877
0.160961541059637
1.438495680682586
-1.123413719532879
1.708021332566399
-1.651951807819364
0.767685994848045
-0.602005420011479
1.933450337275709
-1.744035460831698
1.167783851697926
-0.942079989687790
-1.945052550507715
1.817781123672564
-0.132480128088219
0.286431686928853
-1.521647505479429
1.322517728079190
1.998383542180038
-1.991466022529020
-0.404112946612905
0.651986443972284
1.521604206236898
-1.256748001709146
-1.901548977442516
1.966291973709128
0.021603118961337
-1.700437565351383
0.920300391572189
-0.803317885472952
1.651947391332481
-1.070783042973459
1.883077144982097
-1.845115434003913
0.412856746468578
-0.249292080866379
1.202584749466012
-1.473792563029000
1.987694344286453
-1.975165282596639
0.570528530997143
-0.661776853663254
1.797223560228862
-1.793327936331745
1.369065365770572
-1.325834228025208
1.016820109961973
0.088164864973883
-1.997927349436163
1.725738275578709
-0.569190834558612
-1.588922814154970
1.993298491196716
0.711219034629139
-1.163465625525327
1.588811247096119
-1.936373041748900
-0.034645856983534
1.914345375415853
-0.441879169034860
-1.867394411671415
1.086560811976376
-0.924259657491477
1.863491734840707
-1.710134080213236
0.368466031903754
1.485592064667061
-1.986238724842336
0.840021244817629
-1.406572032835201
1.999351460808565
-0.180017288657526
1.301465484891281
-1.018863517206739
-1.964853426928005
1.751504943227713
0.202074121071766
-1.561608946601238
-0.698256848258961
1.935923491092875
0.516644409129850
-1.811744407531492
1.542074902385162
-0.331576535561277
-1.278280743304315
0.967282609577764
1.983375395846520
-1.918241384057236
1.407662357549255
-1.664942537462635
0.782848603958677
-0.868605979259991
1.825749418122720
-1.999798387157378
0.118564684254223
-1.456313211915446
1.627735637550328
-0.478848506116288
1.150602489944238
-1.142356452183936
1.971133639793804
-1.754342643124660
0.617409882252869
-0.151060575630857
-1.952419695150965
1.684084025077473
-0.766456444861819
1.894786376810515
-1.609549866119826
1.243442768608213
0.316020417867368
-1.995022728886167
1.995524189682431
-1.047708795608479
0.899344712261995
-1.857055446492057
1.777300796702476
-0.361903034816304
-1.372111407807194
0.466709890221130
1.433074464142796
-1.905264250946230
1.948254322851882
-0.642016172055153
-0.055224160450518
-1.497723025669234
1.067214187494819
-1.980819071000204
1.848421186006300
-1.201285912346694
1.602612126266538
0.245897614194195
-1.734975157674255
0.746185124119197
1.984829872430140
-0.964895834522371
-0.261217260894382
1.286095709346613
-1.829399808344372
1.923260309879201
-0.547117955627068
-1.940356202247988
1.509247264539006
-1.337401723560320
0.641044037336879
1.700737704895367
-1.634209282949511
0.146912538884763
1.999970038873903
-1.988988470537606
-0.810223783105309
0.985811380612689
-1.106372513763201
1.339511843676876
-0.198631792472925
-1.879472900671770
1.813824665046787
0.395073393470665
-1.537762837477636
1.963664661310618
-0.721561449951439
1.189737046230256
-1.999059833714697
0.044317440115518
1.745651383927477
-1.772925074347489
0.825471332557357
-1.249446940647801
1.879678876010549
-0.419958798631308
-1.969424679970131
1.463252735952456
0.552750258090809
-1.676220107122827
1.989919593991540
-0.894183320957917
1.109232238696410
-1.441018085775952
-0.098707570950586
1.658501178291197
-1.931062525959815
0.341900346074626
1.944537677189121
-1.000151482899900
-1.789983988374075
1.552087486123521
0.695983926443344
-0.500584284061103
-1.601325424440543
1.901298253866370
-1.992118591126370
1.395020137360372
-0.288198776541907
-1.295263454534409
0.940569335643768
1.997342380709520
0.222825087731549
-1.960027843471859
1.782666026987720
-1.090009580870636
-0.592812157844142
1.211896101712082
-1.695410086014403
1.975104512113744
-0.016018930186422
-1.842189046609966
0.480398723112723
1.614406138208937
-1.513797463619349
-0.840391748013567
1.860702126553841
-1.999998807560270
0.880100774334603
-1.360557128168880
1.277225804077161
0.102172229824741
-1.921618318394998
1.712185920134198
-0.689030940335614
0.606018766741196
1.930906460296802
-1.155736533585776
-1.877044541872709
1.043099304895383
-0.396462334209950
1.998883340257040
-1.727921141290102
1.526480065459578
0.272991416151262
-1.977333017317579
1.837956818264899
-1.416556060249262
0.809406392489801
-0.982107290095626
1.382190820648334
-0.241690323535375
-1.643960937393283
1.979044922869413
-1.996804364290959
0.172938184052557
1.668410221854945
-0.751777201052186
1.004757853941659
-1.807879941613257
1.799740769663976
-1.223674863621147
0.675316580472371
-0.459083517371325
-1.947876262158180
1.956293144837278
-1.554267209899593
1.308922025794326
-0.114852166779931
1.580391555762688
-0.910215341370339
0.424292735513258
-1.894632783405153
1.917108275355070
-1.466106096778474
1.127434078930024
-0.619439344177739
1.994705566598676
-1.983277487581299
0.016132173523607
-1.762794636910591
1.730739255918580
0.754750730841488
-1.267725276805439
1.491832082148009
-0.324097928820718
0.534380095943074
-1.915062857912173
1.887717706487773
-1.057398965178287
1.177369946903395
-1.580435856648664
1.999728039352261
-0.530188168501892
-1.993995873300416
0.302390251354334
1.417642215907897
-1.387982033533736
0.910191820277078
-1.825476431306887
1.756977147952582
-0.158239140535289
1.969888035915583
-1.193137491794906
-1.965795518059608
1.643957768834108
-0.777209376540898
0.072354366986504
-1.687865865980950
1.229693703181266
1.869032960467335
0.500902016979786
-1.868578717212211
-0.950723908979096
1.988728944748960
-1.488546256420759
0.854589795585630
-0.079065654563093
-1.998237439943025
1.345265374512160
-0.672694576796731
1.821078415989923
-1.750858922460647
1.061208536996445
-1.321456408999804
1.568683385520447
0.355309628609875
-1.925759304126550
1.951216330343782
-0.352678885870685
-1.133180598844771
0.591639014583073
-1.621420893058866
1.906575588024008
0.188345946621647
-1.987820663861968
1.473783285299832
-0.862169754397698
1.982092151331918
0.973636234055623
-1.783099923788484
-0.564178880501997
1.686733331723209
-1.955653485306386
0.725562647946297
-0.272300281022556
-1.447350743145192
1.768059777154838
1.265296827031539
-1.028915608028099
-1.847962821511740
1.996620305408977
-0.043602301885235
-1.658380228803520
1.097969695348850
0.257590914370645
1.843385088122021
-1.973700034785755
-0.733969901658009
1.440624333291195
-1.303973854131046
1.937213982873736
0.459523375734224
-1.885583275356531
-0.464326244572948
1.622556217263868
-1.533352433187299
0.787591791759866
-1.999676768301006
1.961483735006089
-0.207721948095153
-1.171505879769659
1.365020281809935
-1.714896883033084
0.129312456072169
1.721968702962336
-0.820306274327202
0.928519235530504
-1.934025209374288
1.992168667125925
-1.346145874464697
0.657131188271153
1.515266919770986
-0.517398121075986
-1.818421747654528
1.876561519614294
-1.084056969634231
0.383625070492234
-1.990570453975320
1.144907144998576
1.806343099187722
-1.593160349743408
0.032724479802350
1.999903026470639
-0.379570488054067
-1.424427285179416
1.326619270296910
-1.907500022906852
1.920120210477236
-0.992084279533391
1.022930354525194
-1.740435080613261
1.591908912335478
-0.650891807833744
0.521694812904905
-1.981864540271366
-0.185078874762269
1.977435544138286
-1.237521669071938
0.866371585880761
1.789343478041097
-1.950885218354697
0.209168888713250
-1.506719330182857
1.237847459787285
-0.796644996440273
1.676633164290755
-1.671202321137857
0.622399598223263
1.891843005992374
-1.995774414058237
-0.023312408288990
-0.914637402301214
1.538734249252878
-1.801151586319608
1.997981450868140
-0.414976022600219
1.161815766769601
-1.210029730819683
0.320963832918579
-1.853591379311199
1.942386790047513
-0.607156402533965
0.770386832589638
-1.962633363571104
1.739230141452430
-1.565045032012091
1.451152980007042
-0.141417232364131
-1.377199649362011
1.858061654853579
-1.998820809008210
0.998544712265666
0.437015012375197
1.987112217761452
-1.707354592569462
-0.876877279965737
0.109258221709728
1.388643558877153
-1.148327345540634
-1.883286574361091
1.634286282151332
-0.281328066942662
1.967215201012817
0.700926697693202
-1.777217168418722
-0.712490164915327
1.075480254468571
-1.978633580046649
1.833742818261029
-1.286982606781946
0.563610858451013
1.500343569376887
-1.614784703291775
-0.089856615820471
1.910476183681745
-1.043428979872705
-1.929256434814156
1.296307078597136
-0.493788606584944
1.993553542702837
-1.481476725017384
0.291459453723910
1.696904525915560
-1.838045444047052
0.887870805112496
-0.960641558962168
-1.997581276485620
1.958076648784229
0.053677651000437
1.219150524280394
-1.647903417398460
-0.576360866821117
1.556680709075827
-1.946238917644094
1.773087451809079
-0.228863498654958
-1.396004087347783
0.828249191317567
1.926847464887250
0.399883098995048
-1.901206895425690
-0.834096299470967
1.119877127801271
-1.523659910352696
1.999636962685570
0.158051580250963
-1.993281356044516
1.606932881361713
-1.110684226029003
-0.317264167879567
0.957470183593687
-1.766056879922662
1.827002579266384
0.632127330724973
-1.263620089398652
1.425349595469081
-1.971290674926515
1.972681262404415
-0.438898614438135
-1.720589105990695
1.255508302469681
-0.757805745177242
1.897696089022123
-0.005560751958990
-1.871728238188838
0.473634042399195
1.663414669444262
-1.436270514152977
0.735876577961158
-1.014625089921858
1.995973990953868
-1.984920405314824
1.357565933105470
-0.656908920553317
-1.576265215426190
1.747166244596478
0.229180369874784
-1.911261367576338
1.946189773432650
-1.181486527222784
1.037238089182926
-0.169185772889729
-1.681010374917258
1.852687438461264
-1.999906005360693
0.363480294926524
1.480625935373736
-1.355301291441741
-0.370968740072170
1.982734430503934
0.797928074740363
-1.813900920248290
-0.934076525291102
1.703381991133721
-0.063924764951269
-1.957864998906413
1.193707859759387
-0.551859932126575
1.810053114648486
-1.548516979883755
0.585016528992768
-1.310492257795441
1.990763491967683
1.318471710991991
-1.859738487922006
0.085217932181014
-0.850280443236244
1.564444409041601
-1.938120781920440
0.933030287007657
1.873538395394874
-1.631269581607864
-0.702836831118458
0.507534024396377
1.932642557288675
-1.989906085155581
-1.073314705246700
1.092322394514455
-0.256452457491879
-1.747511194591211
1.645616102628854
0.268003000402975
-1.458512817533772
1.999999063544349
0.685535925753144
-1.967410892180433
1.409627646367491
-1.230590452951967
1.765095083765215
-0.474001779640595
-1.796443240365203
1.952697777271913
0.180001914732625
0.848579811269598
-1.891832185832179
-0.896727088311508
1.529707529701395
-0.107904631156668
-1.999206016511632
1.885453540839537
-1.411642544317070
1.135906794363045
-0.633486317312297
1.975876089317040
-1.692606980198720
0.979659442653844
-0.334472169057553
-1.125852145302926
1.728276225548846
-1.920231355370525
0.419805493314767
1.459806665805277
-1.502222075103500
1.997669318871227
0.007407132199008
-1.994644214895407
1.288361310637067
-0.786775549408111
1.795850840525578
-1.830539175745558
0.714126033954333
-0.974581489092980
1.913456796479190
-1.604372155623245
0.336866889320868
1.617474463946003
-1.975982099871186
-0.424892004918944
1.052237782885339
-1.340979135325715
1.964969264592590
-1.731410242551055
0.547919762059428
-0.201493559626933
1.375759689053405
-1.197137610634919
1.839911526737112
-1.942963639825757
0.141907214454035
-0.590167768385031
1.583597004232235
-1.759549804081423
0.902105728159554
1.986571671153925
-1.034596965290780
-1.986591379844129
1.173626679156409
-0.299314573388779
-1.542094592195347
1.716542358582652
0.670458330716567
-1.863468570979088
1.940369681216314
-0.741722924644810
0.063993591642009
-1.274366732842149
1.333145347113568
1.998502606891463
-1.661282980771456
0.447468114122720
-1.996400175117419
1.505898046018633
-0.509475915685551
1.802634537008223
-1.903755718395662
0.777961064702099
-1.365855220244760
-0.127438683412798
1.905710358670603
-0.946537170664452
1.224412488410715
-1.804942269308379
0.243051452106980
1.679133357209158
-1.493083938893215
1.980586661888592
-1.963515710251570
1.010597687651789
-0.681221064070284
-1.167525438145388
0.612519404271972
1.871291823180524
-1.999977860216487
-0.388038035090826
1.445372430736252
-1.625110306728869
1.992714677877276
0.197135902640944
-1.061467720532659
-1.887125453039595
1.599548140951155
0.815877018840977
-0.046499302030451
-1.703895427018624
1.781324580599330
-0.826309331437691
1.250490289293965
-1.979891716335082
1.959397958700476
0.373521146251712
-1.427795689374881
-0.542477709812903
1.103485415885075
-1.822837028413599
1.928589355841518
-1.247081545275571
1.545376481165799
-1.927505624870604
-0.224349765137280
0.951830000099808
-1.587041457129128
1.829537271382278
0.485121257425629
-0.888051160816701
1.999216681714985
-1.948967488305123
0.037506912505316
1.397160799220480
-1.095842334314871
1.653597551175163
-1.781798683724173
0.311158654665938
-0.613370858563357
-1.992560498428007
1.742410992491335
0.757413704054127
-1.323654747082835
1.974316536899232
-0.344652546582595
1.156272727090964
-1.851180492986203
1.880698631552777
-1.559761370777381
0.575292397261405
-0.988071418025896
1.303820626319663
-1.999465674878953
0.097401911549986
1.995159026008428
-1.404443678197072
0.875433983054258
-0.729163968230097
1.692607749355602
-1.913669734932919
-0.146134905414838
1.468991633760399
-1.654870606160578
1.949784023418446
-0.450599636385406
-1.968943676338566
1.069884830746140
-1.218488114643062
1.851005470226322
0.283470214792188
-1.475786748313884
0.649230862054772
-1.873998561957379
1.518385724252069
-0.774758110977359
1.989220053618324
-0.068738823911690
-1.787808470627121
1.352765842338488
1.899164989095841
-1.119270825647298
0.529452382402466
-1.984330278218531
1.758327476992907
-0.246514279365437
-1.684500715290919
0.922873946808656
-0.856234929826582
1.629384115903208
-1.935196965553934
1.206627491268888
-1.518223731862520
1.968039790451417
0.168165604666286
-0.522224053067401
-1.282289999970712
1.818967687533646
-1.998427374822747
0.842744144736121
0.390430520204843
-1.834648401898663
1.921968569407825
-1.007355710605003
1.267602690238046
-0.401418211101999
-1.719167993866126
1.999803839670058
1.571766924057875
-1.381766373133944
0.024443846599020
1.028513823045902
-1.954266837988715
-0.666246182445576
1.709493916509089
-1.597014608538625
0.693347067736024
1.984220528815795
-1.896731130663535
-0.189898066303756
1.431106367680511
-1.153541777494637
0.217803140717950
-1.989287107885564
1.863865629971337
-0.905810223058157
0.741420439558335
-1.775859882427840
1.935183066765748
-0.290865730981460
1.184219818518194
-1.449312863822104
1.666888223561955
-1.972668709752756
0.430783843245543
-0.571867633150055
1.996984420415811
-1.635937152506997
1.371223343620392
-1.050193361002831
1.793158523068951
-0.031757269356410
-1.922914621954514
0.943279275880754
-1.330993622366395
0.594264373136523
1.954495269415685
-1.741770901212074
-0.716884587563830
1.488686234390034
-1.993776341996860
0.134134413033690
1.083910432466443
1.892741274350455
-1.527786883289137
-0.483544337207262
1.594837319010202
-1.844031376745251
0.350230777110452
-0.954789631089948
1.991737454639230
-1.960951170210184
1.279458065019915
-1.297437906252550
0.792074644773302
1.775954264839100
-0.364798552980956
-1.674622403323857
0.496490663309777
-0.807637528412638
1.962792859030027
-1.999836955765941
1.414319837506720
-0.092640131988967
-1.881735777509232
1.733151784533179
-1.203506233823016
1.114800841433769
-0.627783780473266
1.908529205581774
-1.816576061661051
0.252829625519183
-1.462910517731228
1.549001458203585
0.860414178583357
-1.981206139672443
1.979719268778581
-1.103925921402101
0.077110711452912
1.845185712271507
-1.611222521825986
0.638327346320843
-0.312976633657261
-1.939683527960826
1.639099514606366
-0.872785571976367
0.989851894976962
1.999035787030930
-1.711628928044612
-0.160985262993962
1.313864620491355
-1.389993061160012
-1.997060856797446
1.815057498683876
0.462051783011112
-1.024916520848002
1.943470946327330
-1.857422649056368
-0.693722529350989
1.214205748314281
-1.568779436555156
0.001010185847332
1.610608115281640
-1.254528348213188
0.907667642632698
-1.909355168016096
1.994070301443368
-0.432890709092919
0.559236748910949
-1.755701411209641
1.752905732616193
0.296216221261054
-1.976396905819712
1.498539769002739
-0.928401815747641
1.915233730732890
-0.216283003616999
1.142678171730714
-1.798357346199990
-1.173736620324965
0.719911524317574
1.971911337922473
-1.990852247685370
-0.599336657230524
1.401477117127110
-1.419827977174560
1.689165519294963
0.113963090354449
-1.932257368610064
1.867402753756331
-0.762212306584557
-1.552482112797109
1.014472710363811
0.407979544814830
1.987991348487327
-1.698878499056338
1.341513056548071
-0.119660769259148
-1.998977152310144
-1.078584582279219
1.824524665174206
0.806833303521619
-1.349650574700553
-0.532792627024515
1.533557491103696
-1.889801123114270
1.925073136101475
-0.267878777069689
0.663020114200142
-1.827415138678215
1.998259728165215
-1.235353336713320
1.245749128107182
-1.956560276336829
0.192731718546270
1.674091917653872
-0.842740760539457
-1.619754094841025
0.964739869099420
1.784033895310789
-0.412242404382878
-1.985883716775628
0.514024495486739
1.455445656651141
-1.486709261347581
1.977843967225035
-0.644800927051158
-1.735448321470601
0.329100271568674
1.877551945604964
-1.136941639685852
1.166968141883432
-1.917448990110521
-0.020671158168498
1.724335835255358
-1.316716807660040
0.833929913468227
-1.867012464717956
1.947673493636215
-0.967254843295758
1.578671546809907
0.051051433322332
-1.995344274650944
-0.355422226655783
1.999927708191951
-1.666544939450492
1.048506046201933
-0.792640113866749
1.380148257616646
-1.966620117845405
0.537148346777900
1.855722645156020
-1.513171481159072
-0.505103129666921
1.650253738446330
-1.767353573326773
0.155283930644972
0.762883212648948
1.960983617070794
-1.431951869319624
-1.946820843467699
1.260400546250784
-0.997877764190741
-0.135400074896308
1.895692534327820
-1.809752400171144
1.512261833659377
-1.188198503448346
0.890283025738241
0.262301252823838
-1.999721989450248
1.985182797269378
-0.559612753458150
1.761190189535148
-1.584414262940902
1.122269277721620
-0.237228627958006
-1.899876336399752
0.443330503079334
1.938829402644105
-1.370084110148053
1.436576067607823
-0.744195302265200
-1.974164546801866
0.679924977237373
1.995345072003306
-1.642342152319219
-0.057977438616956
1.620937060650932
-0.916977821901681
-1.269862300210927
1.808867039545205
-1.791234766656069
1.198570758850181
-0.456389548045498
0.614965020638448
-1.987292469513890
1.706493449457287
-1.065132482674077
1.324573302975000
-1.875502173899696
1.970333976737479
0.371000945657833
-1.470476514349407
-0.326718061213231
0.999332304851196
1.841629265729106
-1.725708663259074
0.090956723371070
-1.997715777777390
1.561578649344600
-0.676954420103097
1.999468425375702
-1.159627652253385
0.706383155570662
-1.941971809421660
1.483701642190962
-0.817984558913501
1.903281832428595
-1.531616247592377
0.213638414319569
-1.837051671869466
1.063423857453818
-0.177240051149200
1.990192891806624
-1.301862187255727
0.917706271521260
-1.689377671044283
1.798480452964855
-1.962141730416503
0.305196050678895
1.283960792304124
-0.580864755961115
1.929234634933498
-0.882583096846167
-1.925002573206105
1.660053640210233
-0.081731590103715
-1.400166038209030
0.580953729322962
1.422228796643715
-1.599733745311340
1.955773791858240
-1.993054771891675
-0.385382291991238
0.751968043166649
-1.114147321241028
1.737874620253130
-1.854496737965535
1.152871556905676
0.018785324901368
1.981461609373383
-1.748754141404876
-1.021036348571692
0.469258521191712
1.883398358901558
-1.979023577836287
-0.276837373934345
1.524749722886684
-1.445341775654874
0.971278698370826
-0.705269230778906
1.996246259253392
-1.906136604454305
1.366986374792909
-1.228463882444009
0.121395476222314
1.769339608564434
-1.999993726068112
-0.489611236095575
0.821343147307774
-1.651406280270327
1.861727260714589
0.344610343837249
-0.939521219278038
1.587122059153880
-1.803054709594191
1.107028207119851
-1.563353744361993
1.966105322135720
-0.622144036238209
-1.953013078446844
0.237227703903519
1.682684091114018
-1.335321485992402
1.233044525270163
-0.101423101186310
1.918898054335930
-1.982930409170219
0.643748229235644
-1.092343021578716
1.465165592796732
-1.770807506945534
1.998786243403919
-0.781557790984257
0.415635605315391
-1.893230674739348
1.836894587520696
-0.305172801196871
0.877747459245742
-1.499425266333937
1.331153011409514
-1.998656256536103
1.719562528821512
-1.259025766177860
-0.011315422712162
-1.677762721082402
1.991022212848494
-0.444747691632643
1.033637086013712
-0.979905833618619
0.542525849580193
-1.846214394284537
1.604170684162765
1.945133190097464
-1.969925823105311
-0.195780025114940
-1.358719838862261
1.392942958854333
0.728182095663070
-0.830123419620461
1.890908608290162
-1.629761018086581
0.163787310954128
-1.933384592441634
1.788145306754513
1.188967769318328
-1.144586250880386
-0.639229527595020
1.975494535868089
-1.820216081052253
0.492379609728057
1.553726225138821
-1.994833415194886
0.069705846079478
0.935196715341068
-1.573614670905580
1.999989272806754
-0.540065250640814
-1.716260328227214
1.635837454503694
-1.212141593966790
1.275039624664052
-0.252001642478403
-1.915857313457725
1.831968268534559
0.780393696184080
-0.864445704340538
0.280856808871761
-1.408516622756913
1.936589244307284
-1.870165409158816
1.087338522801745
-1.988505723794266
1.750110064758975
-0.393815519389962
0.601697268845847
-1.036789933743477
1.985870005832292
-1.519890156544499
1.472108051848703
-1.949928763011058
0.386027144452737
-0.731569710831132
1.874473065161959
-1.785153017844313
-0.037605259689998
1.698252403808061
0.981898641096488
-1.289113217632917
-1.999327546257642
1.994501565235177
-0.153614241030628
1.349714623006284
-1.607828708060668
1.138042546775375
-0.903551469827055
1.911717454225351
-1.730096502381203
0.185673286282484
-1.964370003430728
1.540388871350861
-0.498105395318370
0.811943973490064
-1.455640230404633
1.957205808086102
-1.129412210491558
0.567793857449361
-1.884120743306802
1.812620363302089
-0.342116464880975
1.405645270481450
-0.686550063711360
-1.991873269211779
1.656895287380068
0.041922520867324
-1.659859198773854
1.968775580701010
0.672865449099887
-1.385979479823171
1.203346199658552
-1.832219837354740
0.323534916627026
1.999683141478923
-1.002556503396003
-1.977748636770949
1.778630990285467
0.912683407578609
-0.768849661795917
-1.759968719804431
1.493598526458326
-0.212130441311592
-1.183640605002643
1.926187252437570
0.451571180122923
-1.937524664777785
1.293144351876626
-1.544702498239046
1.849454784225624
-0.604610443630394
1.057501432496192
-1.996652289267531
0.104665188181089
1.983053464503953
-1.308468572104331
1.626138952795440
-1.861927312390953
-0.112392714517366
0.864081347918905
-1.055196645760659
1.713572876059686
-1.694025685045897
-0.461725031788926
1.900470284920195
0.519209768145818
-1.478647745114268
-1.958757972809430
1.443727120882723
0.231754692513100
1.997386451306015
-0.921763988575557
-1.898023379080829
1.170261614609096
-0.295072538023517
1.575220683626980
-1.239725583170940
0.733414691594696
-1.794583191546924
1.952168631779924
-0.554365465952201
1.019258528264414
-1.983632434378237
1.823483002333877
-1.616380905708592
0.149642608281353
-0.800762619080300
1.320406369813034
-1.363961312003892
1.988255862823447
-1.919005535308588
0.402289103178565
1.755619002249673
-0.052399138153790
-1.998047394944189
0.624792912191229
-1.081927010229146
1.886884835987430
-1.708747413299805
1.241298042009900
-0.376850384583087
1.671050050404729
-1.555994784502647
-0.659375331494946
1.964152277498568
-1.841794230243756
0.885446428812608
-0.958576324626710
1.507583417413124
-1.971725090052620
0.011584294465321
1.993075527493180
-1.414804943263693
0.698481798408975
1.386608649713857
-1.745337241526897
-0.171789104768075
1.859042042823159
-1.944815330840597
0.360970086546408
-0.846462559960565
1.078936220028535
-1.199158938468488
1.920840652683641
-1.507312089106099
1.615921972955158
-0.427322805216299
-1.999953686291944
0.961196100079795
1.977042084019757
-1.877981495489032
0.204610591098535
1.735253787852891
-0.719224413480040
-1.669662173327241
0.478026746476941
1.221086196575816
-1.280272518682757
1.805189163102133
-1.929877782374219
-0.263753540437572
1.999327838447568
0.789817608847896
-1.812908868003636
-0.514869332366513
1.567153600168778
-1.342823251296977
0.270556313017040
-1.995834089912813
1.941808262764068
1.337467411747377
-0.986030322921605
-1.582005295516409
1.132402831032803
-0.071275439163231
1.642367502245661
-1.165526552768664
0.589235354801216
-1.967851056383362
1.865976267501817
-0.749297875771112
-1.779935598959400
1.428271665294624
1.973098647522629
0.061391737960838
-1.438072531137497
0.837656813178755
-1.912455526333970
-0.585993087338378
1.790557115646771
-1.639116522929220
1.002562167720279
1.997866647760822
-1.990156454582689
-0.321526786504092
0.426702348713568
-0.891795623634923
1.519992304753650
-1.108675238946186
1.933678281458777
-1.849638401709834
0.654593423856076
1.695542557117492
-1.493651796103548
-0.233077596878047
1.306942390154802
-1.982212284095751
0.126801010797744
1.905006712089168
-1.738240210611830
1.159821055853228
-1.041315718060853
0.765219757750403
-1.902490588512171
1.989654939036481
-0.476401801311562
-1.312503689636281
1.763875805709486
0.313625105484214
-1.999523017884895
1.458183889603873
-0.670341982855009
-1.591581968425076
1.948834011058750
0.505220146333323
-0.129787526665981
-1.951465126509188
1.593358157980846
1.040913735218639
-1.394073803665038
1.846711531456949
-0.814270218673323
-1.806821678374482
0.930735985228865
1.999874190781400
-0.003125447278270
-1.215238190740744
-1.722813636428829
1.272018473276640
-0.406827586831381
1.727033034746842
-1.975567769560901
0.555230251967649
-0.944469659272233
1.980899432936464
-1.536128576021236
0.248452206011814
1.361883263425248
-1.864947288108016
1.882127387017909
-0.566652437234977
-1.994441293988922
1.095898226387001
-1.265643995420532
1.543761962298987
0.175421002993312
-1.647401493226009
1.961977849147082
0.850875070512321
-1.010993186277261
-1.923564509973450
1.820003516128857
-0.166501890086957
-1.466720286044463
1.680389692340966
0.708731325023689
-1.763990077959943
-0.350064623995240
1.995811006359740
-0.858323004582397
1.412696090597248
-1.987922353945436
0.381000720610981
1.180885930966318
-1.888445902379366
1.916370258464223
-1.140078109976358
0.027047015062184
1.478968482414284
-1.826440174042538
-0.695988106287723
1.771870576142818
0.898450801954178
-1.626609863043255
-0.087171752874188
-1.959502054654980
1.991957175485758
0.608534416756520
-1.374023103066417
1.601028972137508
-0.527570588889808
-1.997444380143213
1.953592458232894
-1.069924232562172
0.339298864521254
1.253659308606088
-1.700919350004191
1.838939005726437
-0.285637529901047
0.977418822344606
-1.941035377906049
-1.422735766375758
1.710802043916511
-0.760026291077865
0.743737814026282
0.079557913110534
1.978687607595111
-1.753039750162843
-1.243866214148361
1.502128313286716
0.531845698730117
-1.992343566804650
1.889685299338134
-0.970874660961228
1.111462019952730
-1.571237674267803
-0.220352540333552
1.647064688406369
-1.880353471813118
1.998651309346803
-0.595271397181717
0.289034459352865
-1.329212878456115
1.343372147377791
-1.955107358152507
1.931131630235580
-0.417554679589505
0.801601527386187
-1.683179151320097
1.800135629336005
-0.836345085081362
0.439233334573425
-1.999760262530322
1.211112996979946
-1.122565561559921
1.558244874703067
-1.821893945204055
-0.027680613379730
1.987397920104864
-1.509640211094471
0.948368929008009
1.854901778720638
-1.928124694549940
0.144266409418891
-0.648633423374842
1.447069206987302
-1.451972000299921
0.634419856397723
1.909238042287156
-1.970849211693451
-0.878948615470854
1.742827795381925
-1.788806892014164
1.070585440145655
-0.187449932381743
1.969465327191203
-1.195094584208353
0.220307564727380
-1.858228153784149
1.300746960874138
-1.602891407303820
1.630867118919233
-0.470054599704863
0.690916923031320
-1.985214730660158
1.996476906343001
-1.087793906270437
-0.336904947082353
1.026447304897969
-1.895420252408564
1.872139298434354
-1.293149706425759
0.482782012030051
1.690388504759976
-0.789009224764304
-1.653548512571800
1.939820504054349
-0.105482986874876
-1.998901376539416
1.420615340426663
0.870358006934609
-1.540512260431365
0.095108659620486
1.983938183505659
-0.930406435334798
-1.773327138724706
1.582027164984466
0.352806779997967
-1.910007477593017
1.227745670496088
-0.615630965135749
1.830471385723685
-1.353479022661833
0.772783143219747
-1.980458359366190
1.999554368194002
-1.030925810360005
1.528117325595620
-0.365599580760588
-1.839713869340999
1.148355690363872
1.958925964356979
-1.473154290459706
0.571504903149069
-0.724089005047341
-1.948421805701442
1.786462902062186
0.046794652881163
-1.705183878396249
1.374110876149284
-1.157734056639443
1.898428543244723
-0.148481113489739
0.993089722242959
-1.996156479213234
0.397417269116813
1.669766962973539
-1.732704072448130
-0.519865736806966
1.993749630060007
-1.276272437087256
0.255221890282281
-1.965319494110631
1.731947681031820
1.290258679642781
-0.908037084935790
-1.578861580877533
1.923994208846056
0.668181230497629
-0.244086429439881
-1.873169203926526
1.475520422360386
-1.426120534320695
0.830323629844655
1.973930963965628
-1.800164296668543
-0.487452093642561
1.126746185957092
-1.991224182728839
0.199576325157436
1.817363262176151
-0.994196958786767
0.455387202654776
-1.632767157918211
1.609230949749132
-0.710204846203938
-1.935781928048424
1.946723555368762
-0.076424488554651
-1.223029140202444
1.052977723090559
1.702024433780279
-1.489159818878972
1.999995261303759
-1.998339547817176
-0.309117157555196
1.355821807771942
-1.099121437218392
0.619898131631462
-1.920912813978365
1.869320515383111
0.111649507192107
-1.671688050581512
0.895215484061171
-0.822551486194160
1.434891023814117
-1.833779210072911
1.965391090240136
-0.399003724742511
1.196835586380646
-1.339203908551074
1.746769515390511
-1.975014104483597
0.509885403712758
-0.018358982654312
-1.524196744730378
1.997117093716710
-0.549435576137690
1.537073188540139
-1.757533039179272
0.953992849172361
-1.176818546471978
1.902146165771285
-1.904970724361541
0.293909660066242
1.264586098637463
-0.772675155276255
-1.999628411048327
1.774906758304809
0.785179560730432
-1.380041943203657
1.986309766643812
-0.274595882341956
-1.943524615975640
1.570249358704953
-0.952730532882093
0.410185271476049
-1.696793565742420
1.844288297685550
-0.635655052617851
1.101445583738231
-1.852039025590966
0.005162346543618
1.937815038176353
-1.550049382706180
1.389238064037192
-1.059449776082297
0.714901469514481
-1.987043288814567
1.662975511891541
0.170516781522129
-1.251485197981389
1.991514046008482
-0.439683011076149
-1.815638982928841
1.008429732924425
1.802999568109604
-1.961370297273904
-0.125005762872175
1.490183418198698
-1.441612006371115
0.550240161561096
-0.870721003437495
1.917854347551209
-1.598355649909444
1.237156414058637
-1.891101016489625
-0.679049704821489
1.981774471984469
0.334368759370451
-1.981530549380010
1.720751548430436
-0.205456900763092
0.846398583138769
-1.149030430076637
1.884648596489564
-1.743601919539918
1.312073546471128
-0.578567831755443
-1.663531096616631
0.596551595212228
1.999101538015405
-1.997254797349754
0.056242051482825
1.590336273151149
-1.320817155074524
-1.016717327957432
1.163785869247485
1.950708275441246
-1.868276741660390
0.275594457488223
-0.736489359156518
1.461507745350209
-1.957332565923750
0.923576870515822
-1.461401966445093
1.860388438357999
-0.359370419011004
-1.777608813086351
1.685393616096396
0.677762275755858
-1.205405190630516
1.971530707335703
-0.066263317423359
-1.999986867277367
1.516782191765100
-0.898957129546603
0.464335337201605
-1.621905243841839
1.765525636358516
-1.914351748789392
1.045334187755379
0.131777115563615
1.998094353757399
-1.402834032237501
-0.502911815181402
1.399848778650197
-1.792935313400210
1.834103377462448
-0.258818028175384
-1.993351805549052
0.817889468536910
-1.045591321157709
1.927970606047016
-1.502794476793681
1.185993195047156
-0.804133285639630
1.623057449924471
-1.931673190459736
0.375974032163357
1.960206948303751
-1.713652162135109
-0.182503749092076
0.747042901723528
-1.973042080132540
1.793524269972919
-0.609491704807923
-1.347908292099785
1.327255512119301
0.211442075667471
1.994767522573174
-1.847616424054688
-1.115976676294259
0.968065174986098
-0.422451503969233
1.894010915655233
-1.558352411225403
0.524203525095023
1.550511378059571
-1.988899983737120
-0.042736720253815
-0.976503284553948
1.650692114533756
-1.644468802622885
1.091610105445117
1.979390993924216
-1.886328542444559
-0.664058532611166
1.258601040451060
-1.286350453027080
0.035122992716245
1.912760866136364
-1.945683189112202
0.657925492127558
-0.852387335688072
1.729508741032925
-1.769073923404221
0.859638460413961
-0.329057961052487
1.999769095451387
-1.999136071058994
1.452700827168710
-1.484195154654320
0.318427407298844
-1.169549060578953
1.811707205715143
-1.828403641313966
0.432956537459736
1.878317716975249
-0.535080640955973
-1.968548073732795
1.382796011868834
-1.687419343219871
0.939823950394979
-0.143719068950750
1.988976324756446
-0.936055942535268
-1.410073996426538
1.605526517606530
0.139541659332729
-1.906832126113561
1.119195291627793
1.954951677985434
-1.589432658299775
-0.452807391583866
0.578970489508612
-1.995092002179698
1.759369499180875
-1.233587693860808
1.296968792735263
-0.755519933716566
1.967615540133922
-1.727496796461332
0.724784281001289
-0.226640017998803
-1.939135239404506
1.675413539891339
-1.075194390730339
1.495134293976971
0.260024028748329
-1.805890510093057
1.851819294259534
-1.362308292931272
0.986593618591029
-1.984623801556786
0.074752616442295
1.934603821791404
-0.691411459299239
1.216016590745965
-1.516733041351575
0.498629032441789
1.992909155023761
-1.861168174407491
-0.297201094245710
1.415979623461810
-1.133882780889334
0.795775268321289
-1.978510361599513
1.826072748933524
-0.561864188202970
-1.613411196431051
1.633822225218033
-0.117274062290004
1.976258733791056
-1.304593162015708
1.066467079694235
-1.926867932828198
0.365950882175364
-0.912449010299521
1.699470421019220
-1.751280578393247
0.904198652197973
1.907783987521683
-1.997885954762712
0.177714225110827
-0.779455802518674
1.347128498657406
-1.434573390653632
1.998913053290154
-0.381845663934782
-1.882503193092083
1.563036073456019
0.628272694734099
-1.680539108203257
1.780333114112115
-1.023008481350036
-0.013575237912839
-1.963079215918180
1.175410428832412
1.942936644297362
-1.260704481800494
-0.481247310903694
1.523224449119153
-1.533891754115420
0.561432142063994
1.984719555852290
-1.811330703924690
1.030577120245550
-1.991544040009083
0.099804515840500
1.865210147695510
-0.838332077341205
0.759446083426233
-1.899226714243444
-0.628513060797473
1.741181210216264
-1.189924576108846
1.248650741701140
-1.657882607831599
1.996848752546484
0.228316027191245
-1.953818372186124
-0.155864885340424
1.470544844841672
-0.962818479914926
1.923012921441965
-1.567451675100815
0.422022484488262
-1.999882799815276
0.880889841414710
1.598118349800211
-1.384487625577474
-0.279102380161117
1.888020006267809
-1.784204606202286
1.364420915562695
-1.102166957845180
0.683435309937935
-1.855953844565424
1.963224249737716
-0.050259800344525
-0.700569637309105
1.149918116425888
-1.976972028309681
1.716154038869389
-1.326518454074137
0.300040322136308
1.999965094937808
-1.721001958237811
-0.371784114240661
1.796862218795953
-0.886114685756830
1.012700236868310
-1.919607390294509
0.487437999992798
1.655688413058615
-1.496019946135025
1.281151018074734
-1.995598886344503
-0.588040327548763
1.842484450385964
0.013783464689929
-1.219139046582747
1.974712815041947
-1.836211336872734
0.824685413583939
1.442186101906516
-1.635486782736620
-0.210000048711616
-0.990094992247343
1.945652391283411
-1.966230157782773
1.081866712277634
0.392711083381819
-1.418223212026165
1.510785414481429
-0.465170717929245
1.995578964583005
-1.739977318895204
0.645788616794527
-0.797404837370817
1.751878336311203
-1.986146684063707
0.190578966767166
1.896918234674755
-1.876208107090289
1.201697128905095
-1.546958429844776
-0.096311028047260
1.613873433100248
-1.084800934600290
0.945359745381251
-1.936975945262375
1.986846018579822
-0.653123704448840
0.605147588969147
-1.247706880920035
1.857137442856001
-1.998735586458952
1.316787915494881
-0.315176127407905
-1.765620633794558
1.555159303103841
-1.457946431651239
0.116204293739573
1.930239468419897
-1.593701876763868
0.736606783783428
-0.544817885902859
1.814169056195069
-1.949463063871232
0.471430177400526
-0.925066621027010
1.411131677529330
-1.823772645527001
1.982418720100498
-1.161495684651084
1.129552240903531
-0.239413713773134
-1.691374330628885
1.687952104534768
0.242275892685476
-1.989820039031222
0.855325793653168
1.998352396494963
-1.357041586260374
-0.714672989688361
1.875749557727987
-1.908701941363360
-0.435054316091651
1.269302540353614
0.039761551796474
1.641125225467597
-1.797396993560351
-1.052064542360789
1.956762501775145
0.804798424058738
-1.979555854154819
0.349473296997422
-1.477239724348671
1.482203629122463
-0.866433879387757
1.783682951569991
-1.870942227342082
0.996189873671397
-0.033838489136857
-1.296884295794078
1.990686381771460
-1.649365267994630
0.540487672475683
1.723181915238657
-1.996854899958101
-0.507366238204341
1.358224729212626
-0.811035273731065
1.914996436737733
-1.706954629002007
0.914594893250979
-0.193618783964305
-1.930445038131617
1.970727708343477
-1.127636577135127
1.225041879260048
0.158840904819586
-1.527279297862005
1.577398616236131
-1.958041456523287
1.836045866497587
-0.390283557668687
0.701648422216906
-1.375464919117866
0.308938989247665
1.999420289247957
-1.843255797262899
1.073465930487628
-1.009169280308498
-1.999269762154900
1.665628506072729
-0.597313988692043
1.423848361889233
-1.608267995494049
0.445440902620624
1.949309372832397
-0.110196045567427
-1.893920337437403
-1.209305973855588
1.767690846234240
-0.764311943893535
1.158033884383329
-1.761608649624884
0.587141622492811
1.904396471354521
-1.994061043333548
0.087376202629100
1.531164429104081
-1.273729315188439
1.993899955532272
-0.303107612809284
-1.576738973907222
1.037958783951782
-0.948639309206860
1.806695806380793
-1.973572459592257
0.769672541879643
1.333739464119913
-1.675036858404327
-0.641300372048324
1.966491274109295
-1.922288375020003
0.206815308470584
1.705377422104931
-1.396560908035575
0.511946164570752
-0.254193337043836
-1.817518253141834
1.881442657118618
0.867186371644091
-1.066853439098828
1.393501822228517
-1.999999580957621
-0.063025007553178
1.997628592590834
-1.446831732107633
-0.739685902876653
1.191972915201143
-1.947328384046110
1.624934166205690
-0.411549409046819
1.932433352054991
-1.733686539526347
0.388170370363565
-1.180799682263773
0.974365668985944
1.828560536334034
-1.865673597518861
0.662288782623618
-0.832038081264355
1.487190066341695
-1.987535399794002
1.980275844680046
-1.315112065906458
-0.001036722043790
-0.574060846744261
1.749076997302777
-1.623766414891430
1.105399030029715
0.250580121098493
-1.786849858909536
1.585818649312897
-0.984103355778697
1.940908304630877
-1.963947562865879
-0.136156232564838
1.303234189202354
-1.505056313736661
0.719215233490836
1.988487592787228
-1.901853431048751
-0.495927077526981
1.862519923694146
-1.146249042259303
0.327034220992037
1.449604431326429
-1.717319552641181
0.927745639587572
-1.983187345572908
-0.354689852473364
1.677873247597009
-1.344421239866938
1.999850224136839
-0.674853243148943
0.565770334083443
-1.560285887337071
1.244057328759532
-1.934602865321917
1.919875171816976
0.064794715555273
-0.874889977736091
0.842027659774846
-1.802116792023658
1.791460736695492
-1.992752137257795
1.377427404457022
-0.173868983530376
-1.027001621377582
1.958512494085724
-1.469086800264404
0.413675545688681
1.565846122460462
-1.879193342186149
1.139795472096141
-0.446929603788742
-1.665370685476109
1.848079103596195
0.165974706124242
-1.226834422879861
1.992506794475225
-1.998510480245670
0.636244558720294
1.022235879854446
-0.618704188893804
1.734230592314837
-1.952236349625191
-1.430370367831316
1.513740773482585
-0.085154082488731
-1.746348588163960
1.893419121074084
-1.094112116485688
0.754026219416799
1.972304905871876
-1.845445144753819
0.284228742784733
-0.854257780271811
1.287725943201683
-1.969558655215223
1.645166931906319
-0.269960584327072
-1.585671123607434
0.475890472145009
1.996029915432250
-1.256162511903580
1.060438436647393
-1.913050076614662
